0.99999905, 1
2.499408e-05, -1
0.99999285, 1
0.88684773, 0
0.99999934, 0
0.99326265, 1
0.0008788121, -1
0.0012118727, -1
0.99973506, 1
0.24482833, 0
0.96027255, 1
4.0868702e-08, -1
0.99924356, 1
0.059409194, 0
0.99952364, 0
0.98712, 1
0.9999997, 1
0.9999924, 0
0.20342806, 0
0.76228064, 0
0.9361443, 0
0.99996436, 1
0.05450913, 0
0.99601644, 0
0.93837345, 0
0.99934983, 1
0.99151933, 1
0.9071612, 0
0.28291136, 0
0.9901119, 0
0.9999997, 1
1.4430717e-06, 0
0.9999384, 1
0.45937034, 0
0.9942732, 1
0.9638007, 0
0.99809235, 0
0.92235285, 1
0.07473362, 0
7.095956e-05, -1
2.0091063e-07, -1
1.30681e-06, -1
0.00037758934, -1
0.00028044698, 1
0.22192597, 1
1.0450122e-05, -1
0.795572, 0
0.99601144, 0
0.9999979, 1
0.9588144, 0
0.9971597, 1
0.99189353, 1
0.99818784, 1
0.95380294, 1
0.3005334, 0
0.9999829, 1
0.99995995, 0
0.00020876621, 0
0.0063141165, 0
1.0, 0
0.99967736, 1
0.9438521, 0
0.7482248, 0
0.0005692125, -1
0.999719, 1
0.999995, 1
7.283052e-05, -1
0.7621181, 0
0.9983112, 1
6.771685e-08, 0
0.9446574, 0
0.36511874, 0
0.31244475, 0
0.0023031095, 0
0.00025185035, -1
0.00053644157, 0
0.9861535, 1
0.00047703693, 0
0.9995155, 1
0.4628404, 0
1.40429365e-05, -1
0.9997465, 0
1.0, 1
0.0002889561, 0
2.7507804e-06, -1
0.99997014, 0
0.7281915, 0
0.021552647, 0
0.9689415, 0
0.9999971, 1
0.9933772, 1
7.250467e-06, -1
0.9998241, 1
0.9999805, 0
0.84364086, 0
0.41050547, 0
0.027065039, 0
0.06371737, 0
0.13123767, -1
3.321913e-06, 0
0.9976168, 1
1.726753e-06, -1
4.2002105e-07, 0
0.9467582, 0
0.9523733, 0
0.9997499, 0
0.9951943, 1
0.9743117, 0
0.11688957, 0
3.0647727e-05, 0
0.65486693, 0
0.0011088743, 0
2.1656158e-06, -1
0.99961597, 0
0.00010595719, -1
0.9654383, 0
0.9977036, 0
0.9968237, 0
0.99999976, 1
0.39869025, 0
0.99999243, 1
0.9807165, 0
0.9997945, 1
4.7306683e-05, -1
0.9998238, 1
0.000111297304, -1
0.9998872, 1
0.9958811, 0
0.9999994, 0
0.9182495, 0
0.9990181, 0
1.956613e-06, -1
0.016970715, 0
0.7846795, 0
0.99505603, 1
0.9999998, 1
0.9999968, 1
0.9944706, 1
0.999729, 0
0.0023919712, 0
0.4260296, 0
0.87117374, 0
0.96760124, 0
0.9924006, 0
0.26536992, 0
0.9998296, 1
8.4427074e-07, -1
0.9998806, 1
0.9982671, 1
0.99972814, 0
0.98650795, 1
0.99919486, 0
0.9998953, 1
0.06073028, -1
0.99982935, 1
0.9988803, 1
0.9853614, 1
0.33422673, 0
0.99635965, 1
0.9632153, 0
0.91939044, 0
0.9732908, 0
0.9998907, 1
3.7383035e-08, 0
2.2421409e-07, -1
0.7234177, 0
0.9999526, 0
2.0116422e-06, -1
0.99290395, 1
0.001462096, 0
0.2276666, 1
0.6736826, 0
0.0011929709, -1
0.99810386, 1
0.9988817, 1
0.009799489, 0
0.9988921, 1
0.9994784, 1
0.9999987, 1
0.99990463, 0
0.9999716, 0
0.9999999, 1
0.033313222, 0
0.87120026, 0
0.99996334, 1
0.9956742, 0
0.000120746554, -1
0.36341813, 0
0.0015844106, 0
0.999852, 1
0.34665927, 0
0.9999998, 1
6.124919e-05, 0
0.9999929, 0
0.060313396, 0
0.0020892583, 0
1.6131626e-05, -1
0.033242933, 0
0.899841, 1
0.99928534, 0
3.8025728e-06, 0
1.32234045e-05, 0
0.9999278, 1
0.9991575, 0
0.9280963, 0
5.9248106e-07, -1
9.8376506e-05, 0
0.9999982, 1
0.9939667, 0
0.99953884, 1
0.8911948, 0
0.9997593, 0
3.712651e-05, -1
0.75338966, 0
0.81688225, 0
0.9979108, 0
0.02060455, 0
5.3738113e-08, 0
9.319866e-06, 0
0.06934977, 0
0.99999976, 1
5.75243e-05, -1
0.998985, 0
0.0016224101, -1
0.99998045, 1
0.9999916, 1
2.8618882e-05, -1
0.999849, 1
0.9992502, 0
0.9999917, 1
0.2887391, 0
0.9938765, 0
0.999971, 1
0.0025858535, 0
9.716034e-05, 0
0.003298465, -1
0.84884214, 0
0.99998635, 1
0.00020959091, -1
0.9967284, 1
0.99586004, 0
0.99944943, 1
0.99896705, 0
0.997907, 1
0.84853876, 0
0.000452204, -1
0.99999493, 1
0.99900866, 1
0.010675925, -1
0.99977374, 0
0.00010755829, -1
0.3795653, 0
1.7195476e-05, -1
0.9820207, 0
0.08803157, 0
0.99984246, 1
0.9482816, 0
0.00031167932, -1
0.87837785, 0
0.007202379, 0
0.9929343, 0
8.4885e-07, 0
0.99745727, 1
0.99999994, 0
0.9999287, 1
0.99855024, 1
7.283052e-05, 0
0.9999995, 0
0.99518394, 1
0.0008503878, -1
7.051968e-07, 0
6.2149455e-05, -1
0.9999989, 0
0.84104264, 0
0.90322185, 0
0.0029452774, 0
0.9506959, 1
0.9398457, 0
0.9338757, 1
3.6937497e-05, -1
0.020982727, 0
0.9998587, 1
0.9998666, 0
3.7383035e-08, -1
0.999669, 1
1.0, 1
3.3073295e-05, -1
0.99999803, 0
0.9999881, 0
0.00010012194, 0
0.9449513, 0
0.99932796, 1
0.9713973, 0
0.00014016488, 0
0.9989029, 1
0.9730525, 0
0.9999993, 1
2.1595526e-05, -1
0.99289924, 0
0.99995095, 1
1.0, 0
0.99984974, 0
0.9997571, 1
1.0, 1
0.0015986101, -1
1.0, 1
0.9998213, 1
0.99362403, 0
0.81364644, 0
0.9671913, 1
0.00043880744, -1
0.9984497, 0
0.9584994, 0
0.7390656, 0
0.99977267, 1
0.23904732, 0
1.8897451e-06, -1
0.9591401, 1
0.039207418, 0
0.9999594, 0
0.99998367, 1
0.99970675, 0
0.0013791478, -1
0.99933773, 1
0.9999997, 1
0.9814366, 0
0.99747306, 1
0.9983475, 0
0.9985541, 0
7.4109164e-05, -1
0.99023455, 0
0.9895904, 0
1.8801064e-08, 0
0.9999604, 0
0.12992878, 0
2.0861112e-06, 0
0.99999726, 1
0.9652862, 0
0.9863678, 0
0.99763995, 0
0.0023809196, -1
0.99994904, 1
0.6622966, 0
0.99999917, 0
0.0010815528, -1
0.006394083, -1
0.74104667, 0
0.0004605001, -1
0.97219944, 0
0.0020892583, -1
0.49783623, 0
0.53105736, 0
0.980501, 0
0.9999995, 0
0.9806489, 0
0.9981365, 0
0.9969575, 0
0.42775157, 0
0.8504129, 0
0.9996973, 0
1.606536e-07, -1
0.99886745, 1
0.001272169, 0
0.817777, 0
0.9740663, 0
0.9993843, 0
0.9999846, 1
0.43489227, 0
0.9999884, 1
0.99999976, 1
0.19169448, 0
0.00037381524, -1
0.9735224, 0
0.99996173, 0
0.9873937, 1
0.9987884, 1
0.90764403, 0
0.99982053, 0
0.064891614, 0
9.9894874e-05, -1
0.99975795, 0
0.00026732043, 0
0.003491742, 0
3.6443595e-05, -1
0.00013635829, -1
0.99999344, 1
0.927447, 1
0.001462096, -1
0.9999968, 1
0.22136356, 0
0.81337035, 0
5.887383e-06, 0
0.34318036, 0
0.061524756, 0
0.9998272, 1
0.9999993, 1
1.0, 0
0.90692824, 0
4.226766e-06, -1
1.0, 1
0.99787486, 1
0.035042986, 0
0.99983996, 0
0.0007286237, -1
0.1726061, 0
4.660548e-06, 0
0.14928567, 0
0.61323935, 0
0.537295, 0
0.9145809, 0
0.7504352, 0
1.0, 1
0.9999535, 0
0.97519577, 0
0.91383487, 0
0.9996172, 0
0.44269696, 0
0.00042529023, 0
0.96832186, 0
0.08185037, 0
1.0, 1
0.9032318, 0
0.9876664, 0
7.196524e-08, 0
0.95834786, 0
2.249669e-08, 0
9.721253e-06, -1
0.9999785, 0
0.9994861, 0
2.1179514e-05, -1
0.9999136, 1
0.99894214, 1
0.57953936, 0
0.9922322, 1
0.99993426, 1
0.27658224, 0
0.9999999, 1
0.9766761, 0
0.9989302, 0
0.9998956, 0
0.033228952, 0
0.0007901754, -1
0.9766861, 1
0.98669064, 0
0.99670064, 1
0.99084294, 0
0.11450843, 0
0.99955064, 1
0.9900859, 0
0.00020501863, 0
0.31298453, 0
0.84134036, 0
0.9999999, 0
0.9991356, 1
0.9992696, 0
0.00035527025, -1
0.0057774954, 0
0.9999999, 1
3.6456106e-05, -1
0.99852324, 0
0.47480682, 0
0.9999145, 1
0.9996785, 1
0.9913678, 0
1.0, 1
8.48714e-05, -1
0.00032718136, 0
0.9692571, 0
0.99980026, 0
1.0, 1
0.00025890465, 0
0.99922395, 1
0.00070989534, -1
9.355095e-05, 0
0.0007567367, -1
0.20983131, 0
0.99108756, 0
0.9988512, 1
0.00024623732, -1
0.99999934, 1
7.3693875e-05, -1
0.99933904, 1
0.00047002037, -1
0.96801424, 0
0.004918955, 0
0.8362061, 0
0.9677051, 0
7.261885e-06, 0
0.0003980243, 0
0.9831642, 0
0.9999993, 1
2.0681053e-05, -1
0.0125198, 0
0.7665913, 0
0.99999934, 1
0.9990154, 0
1.32234045e-05, -1
0.55239296, 0
2.5335474e-05, -1
0.0032340474, 0
0.0051161265, 0
0.99997574, 0
0.9899561, 1
0.00010981498, -1
0.99994445, 1
8.5485624e-08, -1
0.9991759, 1
0.99894035, 0
0.99999464, 1
1.726753e-06, 0
0.99999934, 1
0.00032364376, -1
8.912821e-07, 0
0.9676838, 1
0.8650095, 0
0.65424925, 0
0.99998575, 0
0.0050820014, -1
2.87026e-05, -1
0.013854551, 0
0.02232909, 0
0.9998823, 1
0.37157527, 0
0.99994284, 1
0.9999787, 1
0.0007286237, 0
0.6643435, 0
0.9999991, 0
0.58772296, 0
0.78305435, 0
0.9997202, 0
0.5989844, 0
0.99925786, 1
0.59359026, 0
0.058114495, 1
0.9980267, 1
0.99640644, 0
9.349269e-06, -1
0.97533774, 1
0.96424174, 0
0.6159447, 0
0.101833396, 0
0.9975972, 1
0.00096819777, 0
0.99791515, 0
0.22414777, 0
1.0, 1
0.0010433104, 0
0.99984455, 0
0.9999991, 1
0.9999451, 1
0.00060864416, 0
0.999572, 1
0.9994273, 0
0.9994031, 0
0.03722995, -1
0.99997056, 1
0.99931365, 1
2.7088723e-05, 0
0.9745292, 0
0.98971045, 0
0.9891691, 0
0.020272117, -1
0.9375334, 0
0.9832193, 0
0.9990619, 1
0.9984614, 1
0.99992687, 1
0.9966316, 0
0.96427464, 1
0.0011594666, -1
0.98055166, 0
0.972562, 0
0.068812795, 0
2.046096e-06, 0
1.2258892e-08, 0
0.014429172, 0
0.999981, 1
0.997138, 1
8.912821e-07, -1
0.99999994, 1
1.0, 1
0.8740968, 0
0.2862783, 0
0.9972702, 0
0.7344725, 0
0.9979574, 1
0.47308847, 0
0.5789742, 0
0.99999964, 0
0.004539248, -1
0.9994789, 1
0.99973774, 0
0.99999076, 0
0.9999945, 1
0.9897393, 0
0.9999913, 1
0.9919756, 0
0.0005265258, 0
0.73278195, 0
0.99996656, 1
0.0038251157, 0
0.9998863, 1
0.004526532, 0
0.9997258, 1
0.9998519, 1
0.00651269, 0
1.0, 1
0.9999969, 1
0.010281404, 0
0.9999936, 1
0.1633895, 0
0.9998891, 1
0.99999964, 1
0.8709808, 1
0.9994535, 1
0.99858445, 0
2.9412426e-05, 0
0.99392134, 0
0.9925343, 0
0.9109966, 0
0.8895246, 0
2.0521307e-05, -1
0.034444228, 0
0.0008829243, -1
0.11476521, 0
0.92104244, 0
0.9778973, 0
0.9904614, 1
0.99943584, 0
0.99994665, 1
0.0014229579, 0
1.83056e-07, 0
0.9934484, 0
0.643605, 0
0.0009224601, -1
0.73775434, 0
0.9999085, 1
0.99473614, 0
0.9999745, 1
0.17383747, 0
0.68070245, 0
0.9999978, 0
0.9143754, 0
0.9996188, 1
0.9949004, 0
0.97256553, 1
0.91082186, 0
0.9996197, 0
0.99812424, 1
0.97498924, 0
0.00091016624, -1
0.9988328, 1
0.9770758, 1
0.9999993, 1
0.049208567, 0
0.13434686, 1
0.99991196, 1
0.99956226, 1
0.025792819, 0
0.99998254, 1
0.99890625, 0
0.00023411351, -1
0.99986625, 1
0.61017483, 0
0.9996062, 1
0.9837801, 0
0.9999674, 1
0.99989015, 1
0.99995923, 1
8.653513e-06, -1
0.991987, 0
0.47443122, 0
0.9998908, 1
0.9979405, 1
0.06022475, 0
0.00016745464, 0
0.30085382, 1
0.9926842, 0
0.9998969, 0
0.00039983127, 0
0.9989227, 1
0.9869946, 0
0.668531, 1
0.99999654, 1
0.99996, 1
0.93191165, 1
0.9999969, 1
0.97466743, 1
0.9969887, 0
1.8739343e-08, -1
0.9999448, 1
0.99579984, 1
0.760411, 0
0.9999212, 1
0.04538259, 0
0.9994877, 0
0.0016426179, 0
0.7194497, 0
0.9917883, 1
0.99988264, 1
0.9999996, 1
0.0030321274, 0
1.0, 1
0.36410174, 0
0.005250011, -1
0.9999191, 0
9.2748596e-05, -1
0.9999801, 0
0.9996657, 1
0.9996316, 1
0.019165473, 0
0.99999994, 0
0.0006256889, -1
0.05169472, 0
0.0010416051, -1
0.99962634, 0
0.999971, 0
0.998867, 0
0.99999917, 1
6.508674e-09, -1
8.051901e-06, 0
0.9999962, 1
0.99996614, 1
0.99999976, 1
0.99940777, 1
0.9999363, 1
0.9999998, 0
0.69184643, 0
0.99994963, 1
0.9993343, 1
0.9999914, 1
0.9999497, 0
0.9996344, 1
0.9578296, 1
0.2516593, 0
0.9969796, 0
0.99999934, 1
0.99944663, 1
0.999999, 1
4.4874643e-05, 0
0.990331, 0
0.0040820735, -1
0.9771286, 0
0.9003426, 0
0.9327415, 1
0.00019900943, -1
0.95283973, 0
0.9989334, 1
0.0077501517, 0
0.52956116, 0
0.00013635829, 0
0.99958867, 1
0.99978673, 1
0.36707258, 0
0.999937, 1
0.9970331, 0
0.99999714, 1
0.7926414, 0
0.9877864, 0
7.707956e-05, 0
5.1012273e-07, -1
0.96898025, 0
0.013575803, 0
0.9999954, 0
0.9997811, 1
0.6886458, 1
0.9857451, 1
0.35449007, -1
0.78947353, 1
0.99489474, 1
0.50495166, 0
0.9871643, 0
2.612484e-06, 0
0.9999962, 1
0.22268018, 0
0.92719495, 0
1.6383797e-06, -1
0.20495674, 0
0.9999107, 1
0.9999614, 1
0.9999924, 1
0.9541348, 0
0.46347213, 0
0.99999, 0
0.99660885, 0
0.29082426, 0
0.9999922, 1
0.0030809785, -1
0.9975189, 0
0.99995255, 1
0.8310437, 1
0.9585044, 0
0.7933216, 0
0.98777795, 0
0.00057763135, 0
0.95433277, 0
0.99581283, 0
0.13722077, 1
0.9999745, 1
0.99915224, 0
0.00046906347, 0
0.9998965, 1
0.986695, 0
0.9987232, 0
0.0343782, 0
6.4041626e-05, 0
0.99980867, 1
0.94743556, 0
0.99930114, 1
4.8263693e-05, -1
0.99999875, 1
0.9915798, 0
0.99988943, 0
0.9956997, 1
0.3320256, 0
0.99996567, 1
6.495618e-07, 0
0.9999107, 1
0.9999999, 1
0.9999991, 0
0.9999957, 0
3.3020353e-07, 0
0.9999041, 1
1.0, 1
1.2951141e-06, -1
0.006176361, -1
0.9977677, 1
0.0008829243, 0
0.7089574, 0
0.9989593, 0
0.000825289, -1
0.3149904, 0
0.9970408, 1
4.363951e-05, -1
0.9883379, 0
0.84627986, 0
0.99981534, 1
0.86495084, 0
0.9999617, 0
0.99987173, 0
3.8555804e-06, 0
0.26523188, 0
0.9983582, 1
0.9327019, 0
0.9999296, 1
3.05187e-05, -1
0.96479744, 0
0.13063033, 0
1.0, 1
0.0009520026, 1
0.00038895037, -1
0.9640531, 0
0.99412966, 0
0.98965037, 0
6.4041626e-05, -1
0.99980223, 1
0.9999946, 0
0.9999999, 1
0.9871876, 1
0.96176106, 1
0.99660265, 0
0.10687561, 0
0.9932264, 1
0.00011651666, 0
0.97912264, 1
0.7596447, 0
0.9997746, 1
0.9232033, 0
0.0014176685, -1
0.9999666, 0
0.037121102, 0
0.00091201183, -1
0.9999213, 0
2.919632e-05, 0
0.9998787, 0
0.99992085, 1
0.80492735, 0
0.99982154, 0
0.32285753, 1
0.99984246, 0
0.9998003, 1
0.00038895037, 0
0.9952374, 0
0.9917514, 0
0.00046035612, 0
3.1417194e-06, -1
0.9960514, 0
0.17049341, -1
0.99692947, 0
0.99861926, 0
0.9998971, 1
1.8214351e-07, 0
0.9933631, 0
0.94554895, 1
0.0011643143, -1
0.86340386, 0
1.8801064e-08, -1
0.7819209, 1
0.99561346, 1
0.9999766, 1
0.9982335, 1
0.0003532552, -1
0.97458965, 1
8.917952e-05, 0
1.0, 1
0.9999999, 1
0.97374374, 0
0.00016614063, -1
0.9999847, 1
0.9999992, 1
0.0013189054, 0
1.0, 1
0.21702647, 0
0.22380011, 0
0.00010012194, -1
0.9782994, 0
0.27488223, 0
0.9999996, 0
0.99999994, 1
0.9999991, 1
0.8522458, 0
0.9995566, 1
0.9997891, 0
2.942e-05, 0
0.98976606, 1
0.9999997, 1
0.00084961834, 0
0.99794424, 0
1.119625e-05, -1
0.9999989, 0
0.7003671, 0
0.9397955, 0
0.7427087, 0
0.99383426, 1
0.9988714, 1
0.9993572, 1
0.9999999, 1
0.9999344, 0
0.9995751, 0
0.9997144, 1
0.9569792, 0
6.737782e-06, -1
0.99872357, 1
1.0, 1
0.9992939, 1
0.99999976, 1
0.0005973633, -1
1.972034e-08, -1
0.99999714, 1
0.99813735, 1
0.0011418022, -1
1.0914e-05, -1
0.031243356, 0
0.0053264676, 1
0.99988216, 1
0.9999981, 1
0.99985164, 1
4.0385567e-05, 0
0.00032718136, -1
0.99993104, 0
0.017545367, 0
1.3012153e-05, -1
0.99999005, 0
0.99999994, 1
0.9999266, 0
0.9999489, 0
0.0014229579, -1
0.91545624, 1
0.63770926, 0
0.9999994, 1
0.9490662, 0
0.88637847, 0
0.9999998, 1
0.015559586, 0
0.017489875, 0
0.059409194, -1
0.29148012, 0
1.4318307e-05, -1
0.9954243, 1
0.9998807, 1
0.99959034, 1
1.1787157e-06, 0
0.9999835, 1
0.0023919712, -1
0.99650866, 0
0.9977937, 1
0.0032545545, 0
0.9714994, 0
0.999897, 1
1.0, 0
0.00014987629, 0
0.03209178, 0
0.99935853, 1
0.9998987, 1
1.4240831e-07, -1
0.000111297304, 0
4.825629e-06, -1
0.9946684, 1
0.9999923, 0
0.9999947, 0
0.98010194, 0
0.99997085, 1
0.7152067, 0
0.9996999, 1
0.999965, 1
0.9996582, 1
0.93798614, 0
0.20350824, 0
1.0, 1
0.03443899, 0
1.956613e-06, 0
0.9999996, 1
0.9999989, 1
0.7518085, 0
0.9990069, 1
0.0038251157, -1
0.27350715, 0
0.99987966, 1
0.9036255, 1
0.9990626, 0
0.99999386, 1
9.302974e-05, 0
0.00013232799, -1
0.7617477, 1
0.57285684, 0
0.0416151, 0
1.0, 1
0.96240234, 0
0.003491742, -1
0.9931778, 1
0.9764423, 0
0.99700934, 1
3.8133025e-05, 0
0.9873961, 1
0.45307946, 0
7.3843716e-05, 0
0.3171323, 0
0.3731286, 0
0.99994105, 0
0.0362788, 0
0.99267596, 1
0.99549127, 1
0.9272385, 0
0.9422138, 1
0.9999906, 1
0.99894565, 1
0.99984014, 0
0.9196906, 1
0.9993763, 0
1.40429365e-05, 0
4.4874643e-05, -1
1.0, 1
0.9699718, 0
0.47558355, 0
0.97720397, 0
0.999706, 0
5.704721e-09, 0
0.99999875, 1
0.9978281, 1
0.030030493, 0
0.020272117, 0
8.597717e-06, -1
0.9999998, 1
0.99947286, 0
0.0014113825, -1
0.9999959, 1
0.9999923, 1
4.1823905e-06, -1
1.6866428e-05, 0
0.52502567, 0
3.9844995e-08, 0
0.97156185, 0
1.0, 1
0.94819856, 0
0.000369263, 0
0.3917909, 0
0.9990904, 0
1.0, 0
0.86572576, 0
0.0019381108, 0
0.011977684, -1
0.9999972, 1
0.2237765, 0
8.681549e-05, -1
0.17733134, 1
0.001341436, -1
0.99968797, 1
0.9987463, 0
0.016951846, 0
0.91256106, 0
0.91839254, 0
0.0019014821, 0
0.98443496, 0
0.98695934, 1
0.00011292546, -1
0.9593355, 1
0.000113558555, 0
0.000245519, -1
0.85634726, 0
0.00020959091, 0
0.9273838, 0
0.9999818, 1
0.9999628, 1
0.30191764, 0
0.9939765, 0
0.9995893, 1
0.00056327845, 0
0.98266894, 0
1.0, 1
0.0014443204, -1
3.5188253e-07, 0
0.5754422, 0
0.056516014, 0
0.9474272, 0
0.99984795, 1
0.9999911, 1
0.0027898652, 0
0.99879414, 1
0.70877296, 0
0.0004633128, -1
0.9975657, 0
0.9997639, 0
0.9999996, 1
0.9041457, 0
0.00063428446, -1
0.99764854, 0
0.99784654, 1
2.4044265e-08, -1
0.97920483, 0
4.4535587e-05, 0
0.9932666, 0
0.6019609, 0
0.00043294896, 0
0.9999905, 1
0.9992324, 0
0.9981252, 0
0.9997244, 1
0.99409807, 0
0.9957065, 1
0.99999994, 1
0.001272169, -1
6.3735526e-05, -1
0.9973188, 1
0.99999946, 1
0.9999988, 1
0.8720915, 0
0.99996465, 1
0.0021840555, -1
0.00023077062, -1
0.9996969, 1
0.95809436, 0
0.9979383, 1
0.9999972, 0
0.9459816, 0
0.9915244, 0
7.341025e-08, 0
3.321913e-06, -1
0.45563778, 0
0.81038815, 1
0.99823886, 0
0.9997384, 1
6.2345876e-05, 0
0.9990821, 1
0.9999999, 1
0.00023749666, -1
0.9937763, 0
0.44236416, 0
0.2251316, 0
0.9861919, 0
0.99965394, 0
0.9999771, 1
0.9901128, 0
0.9988942, 1
0.99999285, 1
0.49021974, 0
0.9999968, 1
0.99830365, 1
0.9995737, 0
0.10709008, 0
4.0086467e-09, -1
0.99994695, 1
0.99327654, 0
0.95394623, 0
0.9998623, 1
0.997616, 0
0.06420876, 0
0.99794644, 0
0.833245, 0
0.26632324, 0
0.8030069, 0
0.8020669, 0
0.99899024, 1
2.3947387e-05, 0
0.99182427, 1
0.9984391, 1
0.99997383, 1
0.9843206, 0
0.999341, 1
0.99931365, 1
0.99993074, 0
0.9996528, 1
0.99994177, 1
0.19277792, 0
0.99658495, 0
0.0116144335, 0
0.0023031095, -1
0.98561966, 0
0.049790904, 0
0.97389984, 0
0.99938416, 0
0.951037, 0
3.2415128e-06, -1
0.0022524227, -1
0.99999917, 1
0.99978507, 0
0.06213582, 0
0.08669415, 1
0.99826604, 0
0.00017361945, -1
0.0006709376, -1
0.33675796, 0
0.00017986604, 0
0.9949909, 1
0.5209123, 0
0.99993396, 1
0.9730321, 0
0.8125514, 0
0.99954104, 1
0.9997627, 0
0.0027806698, -1
0.99723315, 0
0.9972833, 0
0.9774002, 0
0.95285296, 1
0.000102887134, 0
0.99997354, 1
1.972034e-08, 0
2.7199878e-05, -1
0.9976, 1
0.99999595, 0
0.99974537, 1
0.9999999, 1
0.0004337251, -1
0.02139948, 0
0.75170505, -1
0.9999532, 1
1.5830392e-05, -1
0.99991894, 1
0.99989814, 1
2.8714125e-05, -1
0.00072191976, -1
0.0005264735, -1
0.12509698, 0
0.99867576, 0
0.00027818026, -1
0.0004278834, -1
0.9993074, 1
0.0017821683, -1
0.9810788, 0
0.0024841842, -1
0.9973842, 0
6.5374506e-06, 0
7.789354e-05, -1
0.99958664, 1
0.9860601, 1
0.9799183, 1
0.9972724, 1
0.998818, 0
0.9938563, 0
0.99950314, 1
0.99843085, 0
0.46732825, 0
0.99789435, 0
0.0070763715, 0
0.8539315, 1
0.21178786, 0
4.538148e-06, 0
0.00013591356, -1
0.9996728, 1
0.17569765, 0
0.999998, 1
1.0, 0
0.9999598, 1
0.9957012, 1
0.99221003, 0
0.99966335, 0
0.9971614, 1
0.13949737, 0
0.9999999, 1
0.6510674, 0
1.8953641e-07, -1
0.6268467, 0
0.0058115125, -1
0.99966186, 0
0.9986859, 1
9.422769e-07, -1
0.9947135, 0
8.09394e-08, -1
0.99999875, 1
0.99981993, 0
0.99235576, 1
0.9326951, 0
0.9995335, 1
0.013564733, 0
0.99409735, 0
7.785091e-05, -1
0.9998012, 1
0.016921574, 0
8.694084e-09, -1
0.996083, 0
1.5898504e-05, -1
0.9640364, 0
0.9965303, 1
0.99596745, 1
1.7909708e-06, 0
0.9279892, 0
0.9999998, 1
9.664601e-05, 0
0.9999963, 1
4.825629e-06, 0
0.0015755302, -1
0.97606176, 0
0.98969513, 0
0.99999785, 0
0.99980885, 1
0.6688051, 0
0.9999226, 1
0.9849459, 0
0.9999797, 1
8.787435e-05, -1
0.98365045, 0
0.9977105, 1
0.99999976, 1
0.99460024, 0
1.8937756e-06, 0
0.0017821683, 0
0.9965435, 0
0.8436585, 0
0.23270257, 0
0.9999862, 0
0.99874425, 1
0.09578783, 0
0.00052868726, 0
6.442954e-07, -1
0.9929994, 0
0.9995106, 1
0.991735, 1
0.99439573, 1
0.0027898652, -1
0.9994815, 1
0.77287084, 1
0.99949795, 1
3.1417194e-06, 0
0.28583664, 0
0.9396537, 1
0.9995261, 0
0.0033666687, 0
0.99318624, 1
0.9999997, 1
0.56238276, 0
0.9994041, 1
0.99681133, 0
0.9738176, 0
0.008077274, 0
0.00016614063, 0
0.00060207915, 0
3.0123801e-05, 0
0.093973674, 0
2.3215334e-05, -1
0.15337099, 0
0.972125, 1
0.2909779, 0
0.0019829774, -1
0.003425244, -1
0.99992174, 1
0.99979377, 1
0.9999997, 1
3.119022e-05, -1
0.9997638, 1
0.9988232, 0
0.9998818, 0
0.00028910683, -1
1.0, 1
0.99999976, 1
0.99804187, 1
0.22207564, 0
0.9986797, 0
0.97365576, 0
0.00013908725, -1
0.48954216, 0
0.45606723, 0
0.9899124, 1
1.1787157e-06, -1
0.88749164, 0
0.95745057, 0
0.47384754, 0
0.022705872, 0
2.9376266e-05, 0
0.92474735, 0
0.48512775, 1
0.9668679, 0
0.0007207437, 0
1.2291749e-05, -1
0.99792093, 1
0.24417976, 0
0.9999782, 1
0.93562675, 0
3.5188253e-07, -1
0.00071518094, -1
0.66369176, 0
0.0010097736, 0
0.9999982, 1
0.26505694, 0
0.556559, 0
3.1548592e-07, -1
0.0061344313, -1
0.99943817, 1
0.5972572, 0
0.9930897, 1
0.31377032, 0
0.9994426, 0
3.5226105e-05, 0
0.5868631, 0
0.002179123, 0
0.0001627181, 0
1.1320436e-07, 0
0.06507637, 0
0.00010826646, -1
0.8022673, 0
0.525269, 0
1.1815722e-06, 0
0.99999774, 1
0.99917376, 1
0.9999153, 0
0.99999434, 1
0.9993998, 1
0.9989923, 0
0.9999933, 1
0.96604043, 0
0.41662982, 0
0.3266579, 0
6.455778e-05, -1
0.995529, 1
0.81073266, 0
0.7052476, 0
0.0027915824, -1
0.02751206, 0
0.73603326, 0
0.9996224, 1
0.9683524, 0
0.9198714, 0
0.99932724, 1
0.99928045, 0
0.99885035, 0
0.99969727, 0
0.9998065, 1
0.0019014821, -1
1.0, 1
6.853063e-06, 0
0.9998807, 0
0.88218975, 0
0.99996394, 1
0.0048193303, -1
4.660548e-06, -1
0.00528288, 0
0.9922322, 0
0.80098814, 0
0.99998724, 1
0.99957085, 1
0.99892974, 0
0.9785399, 0
0.02746407, 0
3.9577094e-06, 0
0.9995796, 1
0.99959064, 1
0.9987707, 0
0.00024346208, -1
0.99604416, 1
0.9927545, 0
0.99999994, 0
0.9969402, 1
1.0, 1
9.275053e-06, -1
0.22674641, 1
0.5268976, 0
0.9974257, 1
0.99537086, 1
4.7297837e-07, -1
0.652199, 0
0.9996497, 1
0.9765435, 0
3.5226105e-05, -1
1.0, 1
0.9999865, 0
0.7659937, 0
0.15656187, 0
0.9987678, 0
0.8409983, 0
0.9995655, 1
0.5938517, 0
0.00080864213, -1
0.004729289, -1
0.008684771, 0
0.9983473, 0
0.046111718, 0
0.9927161, 1
0.99998814, 0
0.99937534, 0
0.99997944, 1
0.9820625, 0
0.99989647, 1
0.00037921357, -1
0.99931943, 1
0.99998534, 1
0.9991926, 0
3.0647727e-05, -1
1.5830392e-05, 0
0.9908198, 1
0.3785668, 0
0.002308813, -1
0.9988169, 1
0.94208914, 0
0.91883916, 0
0.96885216, 0
0.0011972529, -1
0.99999243, 1
0.98939866, 0
0.99950665, 1
0.9997659, 1
0.99999785, 1
0.99620324, 1
0.011243178, 1
0.99995285, 0
0.9999999, 1
0.9872382, 0
2.3755712e-08, 0
0.8628002, 0
0.0017725542, 0
0.63101673, 0
0.9691009, 0
0.96288186, 0
0.9977061, 0
0.99946725, 1
0.9878741, 0
0.001259648, -1
0.99971807, 0
0.9999258, 1
0.99992436, 0
0.00024234189, 0
9.8376506e-05, -1
0.9888801, 0
0.9989074, 0
0.0008083925, -1
0.040953156, 0
0.9228096, 0
5.3260683e-06, -1
0.0854632, 0
0.99702245, 0
5.3738113e-08, -1
0.9993344, 1
0.99218166, 1
0.99944407, 0
0.99667096, 0
0.975036, 0
0.99591774, 0
0.00060207915, -1
0.99886125, 0
0.9999981, 1
0.9976037, 1
0.9678051, 1
2.3834176e-05, -1
0.0009339187, -1
9.422769e-07, 0
0.0009813159, 0
0.041960586, 0
0.030946633, 0
0.955523, 0
0.034089074, 0
0.88993424, 1
0.9257304, 0
2.0681053e-05, 0
0.4524561, 0
0.0012969367, -1
0.99919146, 1
0.98596346, 1
0.99936646, 0
0.99978346, 0
0.9979737, 1
0.7374297, 0
1.0, 1
0.82376456, 0
0.64270717, 0
1.09988896e-07, -1
0.000101297, -1
0.99789155, 1
0.69231814, 0
0.99997324, 1
0.00037699693, 0
0.998209, 0
0.0002604123, 0
0.122430906, 0
0.9992515, 1
0.99999505, 1
0.9407744, 0
0.99953526, 1
0.9968895, 0
0.97432935, 1
0.8082374, 0
0.99999946, 1
0.99999845, 1
0.4614848, 0
0.4431426, 0
0.00020542151, -1
0.18519162, 0
0.9999272, 1
0.99998695, 0
0.85155183, 0
0.94471127, 0
0.9937974, 1
0.026343016, 0
0.999999, 1
0.66157097, 1
5.1383722e-05, -1
0.99988055, 0
0.0043768166, -1
0.99996096, 1
0.004474608, 0
0.9997348, 1
0.9999999, 1
0.9999336, 0
7.261885e-06, -1
0.51048225, 0
0.998844, 0
0.94254076, 1
0.9974853, 1
7.297082e-06, -1
0.9890582, 0
0.97781885, 0
0.75945157, 1
0.51538336, 0
0.99988705, 1
0.99999034, 0
0.0016945411, -1
0.9999947, 1
0.99855524, 0
0.9653527, 1
0.93559587, 0
0.99834853, 0
3.3029846e-06, -1
0.99465936, 0
0.9999923, 0
0.9995793, 1
0.9964893, 0
0.9987338, 1
0.77491444, 0
4.0950577e-05, -1
0.9999681, 0
0.999999, 1
0.5360915, 0
4.020266e-05, 0
0.9978502, 0
0.99851966, 0
0.8162299, 1
0.99952906, 1
1.4187558e-09, -1
4.5955545e-05, -1
1.064647e-05, -1
0.0012195065, -1
0.18372479, 0
0.9767211, 1
0.9999703, 1
0.95922977, 0
0.9155259, 0
0.99139905, 0
0.9823897, 0
9.832092e-06, -1
0.83869827, 0
4.446253e-11, -1
0.99937, 0
0.12436694, 0
0.99973255, 1
5.100965e-05, -1
0.11092468, 0
0.19568124, 0
0.001273737, -1
0.3875729, 0
0.0017921892, 0
0.9987019, 0
0.9829366, 0
0.99997526, 1
0.5293777, 0
0.9991856, 0
0.0004161651, -1
0.4531998, 0
0.587539, 0
2.873603e-06, -1
0.03251788, 0
0.5484201, 0
0.00012736107, 0
0.81200886, 0
0.9929238, 0
0.00039830647, 0
0.9998859, 1
0.9992172, 0
4.79083e-07, 0
0.9999919, 1
0.6794867, 0
0.9999996, 0
0.9999718, 1
2.3215334e-05, 0
0.9975835, 0
0.46350566, 0
0.9999835, 1
0.20320132, 0
9.302974e-05, -1
0.9999153, 0
0.003990078, -1
0.9999973, 0
0.99955803, 1
0.99152875, 1
0.89663553, 0
1.0, 1
0.0009095225, 0
0.99987215, 0
0.99785787, 0
0.9999799, 0
0.00020876621, -1
8.533324e-05, 0
0.85249746, 0
0.99998915, 1
0.998857, 0
0.9998204, 1
0.9999992, 1
0.9999982, 1
0.557318, 0
0.012195322, 0
0.9959691, 0
0.9995871, 1
0.24298485, 0
0.9257656, 0
0.6923492, 0
0.10726132, 0
0.10155607, 0
0.9988785, 1
0.9999481, 1
0.15689665, 0
0.004756159, -1
0.9965508, 0
0.99977446, 1
0.999964, 0
0.9979605, 0
0.99941814, 0
0.0037055395, 0
0.99995565, 1
0.0056836996, 0
1.5533008e-06, 0
0.99997866, 0
0.9999991, 1
0.99994147, 0
8.261501e-08, -1
0.18072012, 0
5.127653e-05, -1
6.531179e-07, 0
0.924516, 0
0.97880334, 0
0.9972708, 0
0.9855395, 0
0.9999827, 1
1.9232413e-05, -1
1.7879838e-05, 0
0.99971807, 0
1.3257358e-05, 0
0.99993086, 0
0.99999934, 1
0.980097, 0
0.8253113, 0
0.51059556, 0
0.3136129, 1
0.0674116, 0
0.99511325, 0
0.30091745, 0
0.9997345, 1
0.99995434, 1
0.9995019, 0
0.9588668, 0
0.95268875, 0
0.99318117, 1
0.99999726, 1
0.99999505, 1
0.9955828, 0
0.9989515, 0
0.24399124, 1
0.9999638, 0
4.2213505e-05, -1
0.8624534, 0
0.9986801, 0
0.006176361, 0
0.9971843, 0
1.7879838e-05, -1
0.99354815, 0
0.9999985, 1
4.2186384e-05, 0
0.99998003, 0
0.95723695, 0
0.9998548, 0
0.99999386, 1
0.9758562, 0
5.954204e-05, -1
0.97091633, 1
0.8408716, 1
0.00524457, -1
0.9737698, 1
0.9999863, 0
0.97908336, 0
0.0366208, 0
0.99979186, 1
0.29697293, 0
0.17335491, 0
1.0, 1
0.99411374, 0
0.9980265, 1
3.0123801e-05, -1
0.5119558, 0
0.4587584, 0
0.99943584, 0
0.98939216, 1
2.566638e-05, -1
0.9280337, 1
0.26698813, 0
0.46502241, 1
6.495618e-07, -1
0.99208295, 0
1.30681e-06, 0
0.99709946, 0
0.99902374, 0
0.99991393, 0
0.9921014, 1
0.94284606, 1
0.99486667, 0
8.640126e-09, -1
0.99080145, 0
0.9976695, 0
0.38363782, 0
0.9998117, 1
0.99980503, 0
0.46644017, 0
0.015911879, 0
1.6516784e-05, 0
0.99890506, 1
0.99883175, 1
0.9999497, 1
0.9998793, 1
0.999991, 0
0.99999946, 0
0.9881547, 0
0.000108765846, 0
0.9999988, 1
0.9847874, 1
0.3320256, 0
3.301307e-05, 0
0.97912806, 0
0.9334212, 0
0.9865845, 0
4.0363535e-08, 0
3.0985833e-05, -1
0.7884263, 0
0.99999464, 1
0.999972, 1
2.7465696e-05, -1
0.9999853, 1
1.5298157e-07, 0
0.9956711, 0
0.99956536, 0
0.99964726, 0
0.9965948, 0
0.9989416, 1
0.999996, 1
0.9920827, 0
0.9930737, 1
0.00047703693, -1
0.9997524, 1
0.9944503, 1
0.99998456, 1
7.9589665e-07, -1
0.9406859, 0
2.0519044e-09, -1
0.028280417, 0
1.1439703e-06, 0
0.2862783, -1
0.99026936, 0
0.9999985, 1
0.9964202, 0
0.13237827, 1
0.99994034, 1
0.999524, 1
0.9999999, 0
0.10043727, 0
0.00017478033, -1
0.9998814, 0
0.5027756, 0
0.91543853, 0
0.39965588, 0
5.72138e-06, -1
0.99973345, 1
0.99712, 1
0.99994314, 1
1.0, 1
0.9999999, 0
4.403406e-05, -1
0.9524109, 0
6.5172317e-06, -1
0.9999984, 0
0.99999106, 1
0.00026724578, -1
0.99988085, 1
0.0007967881, 0
0.00024342819, -1
1.0, 1
0.9999872, 1
3.797712e-05, -1
0.9997147, -1
2.959889e-07, -1
0.11160292, 0
0.020232854, 0
0.99991626, 0
0.97700316, 0
0.0014113825, 0
0.988163, 0
7.3693875e-05, 0
0.999141, 0
0.999937, 1
1.3491463e-07, -1
0.99997073, 1
0.9624041, 0
0.9999991, 1
1.0, 1
0.029885884, 0
0.04246585, 0
0.024109097, -1
0.99998283, 1
0.8637807, 1
0.015550852, 0
0.9980678, 1
0.9866357, 1
3.5402668e-06, 0
0.9996777, 1
0.9691763, 0
0.9995737, 0
0.999989, 1
0.00020501863, -1
0.9658327, 1
0.9993301, 1
0.0039060998, 0
0.99871254, 0
0.99994004, 0
0.9526496, 0
0.98053885, 0
0.0018973183, -1
0.99999315, 1
0.99999726, 1
0.9856228, 0
0.9999156, 0
3.5811067e-07, -1
0.00053644157, -1
0.15780818, 0
0.9999892, 1
0.9999915, 1
0.9936275, 1
0.99987423, 0
0.894899, 0
0.99956954, 0
0.9999423, 1
0.9995319, 1
0.9986473, 0
0.9656517, 0
0.9764641, 0
0.98647726, 0
0.9999878, 1
0.94577, 0
0.5105914, 0
0.37894467, 0
0.8646027, 0
0.95081717, 0
0.9998561, 1
0.0006423952, -1
0.99746776, 1
3.1644987e-07, -1
2.4803672e-05, 0
0.9975633, 0
0.010616293, 0
5.6739715e-05, -1
0.00012558648, 0
0.97189283, 0
0.4413945, 0
0.10291824, 0
1.2984498e-08, -1
0.999996, 1
0.99999946, 0
0.8624872, 0
0.983615, 1
0.0028566986, 0
0.9999998, 1
0.9999974, 0
1.0, 1
0.9999985, 0
0.9883674, 0
0.39808995, 0
1.5099739e-06, -1
0.99995065, 1
0.9999993, 0
0.98899275, 0
0.99999857, 1
0.7722493, 0
0.6155639, 0
0.9999969, 1
0.9325079, 0
0.9933885, 0
0.9946778, 0
0.025589922, 0
6.2345876e-05, -1
0.087715454, 0
0.9959467, 1
0.99999917, 0
0.9999998, 1
0.9651724, 1
0.9975277, 1
1.0, 1
0.9929791, 1
0.9995908, 0
0.94421405, 0
0.9992447, 1
0.99242383, 0
0.9646952, 0
3.5811067e-07, 0
3.4557152e-06, 0
0.9987494, 1
2.3187853e-05, -1
0.9999667, 0
0.9999097, 1
0.00080978684, 0
0.9997889, 0
0.99999934, 1
0.998036, 1
0.9999954, 1
0.99998164, 1
0.99993813, 0
8.051901e-06, -1
0.9965471, 1
0.99999994, 1
1.2018253e-05, 0
0.880385, 0
0.96302426, 0
0.9997529, 1
0.9999999, 1
0.95592856, 0
0.999287, 1
1.6132161e-07, 0
0.83114505, 0
0.00027195047, 0
0.5951352, 0
0.99952006, 1
0.88777685, 0
0.8229097, 0
0.0032628698, 1
0.9022274, 0
0.0024490198, 0
0.99749726, 0
0.72672284, 0
0.00017986604, -1
0.0010664881, 0
0.002450213, 0
0.9997591, 0
0.026194137, -1
0.9592149, 1
0.9993829, 1
0.9999979, 0
0.1118658, 0
0.0011594666, 0
0.9952902, 0
0.00012736107, -1
0.9306557, 0
0.9997046, 1
0.9999999, 1
0.9039551, 0
0.4432257, 0
0.99988395, 0
1.9570722e-05, -1
0.9969404, 0
0.94312733, 0
0.8796739, 0
8.400637e-05, -1
0.0015619858, -1
0.99950045, 0
0.7494574, 0
0.9999705, 1
0.97840357, 0
0.9999565, 0
4.047445e-09, -1
3.5272308e-08, -1
0.00015718218, -1
0.88307405, 0
7.009193e-05, -1
0.99951804, 0
0.99998593, 1
0.99999845, 1
0.12692505, 0
0.0012195065, 0
0.54539394, 0
0.9999903, 1
0.00062464294, -1
0.9999815, 1
0.64289093, 0
0.99920535, 1
0.04269707, -1
0.99943525, 1
0.0005580053, 0
0.031386375, 0
0.92809635, 0
0.9972006, 0
4.0199095e-05, -1
0.9999576, 1
0.9277863, 0
0.9997159, 1
0.999655, 1
0.90455407, 0
0.9997995, 1
0.00010355892, 0
0.9999897, 1
1.0, 1
0.9964073, 1
9.523239e-05, -1
0.9983038, 0
0.014767178, 0
0.5862135, 0
1.8826771e-05, 0
0.06878136, 0
0.92660064, 0
0.0061299233, 0
0.9999224, 1
0.5430942, 0
0.97234243, 0
0.98412555, 1
0.99640065, 0
0.9999998, 1
0.94544154, 0
1.0, 0
0.45640066, 0
0.9999531, 0
0.99999136, 1
0.6813387, 0
7.923025e-07, -1
0.6559559, 0
2.1931917e-05, 0
0.96474624, 1
0.009201667, 0
0.99323094, 1
0.17564416, 0
8.809423e-06, 0
0.001273737, 0
0.8303888, 0
1.1320436e-07, -1
0.99996716, 1
0.019578448, 0
0.9974164, 0
0.0003679584, -1
6.8568147e-06, -1
0.999557, 0
0.9999999, 1
0.99999374, 1
0.83421403, 0
0.9999709, 1
0.99999976, 1
0.96100235, 1
0.9633722, 0
0.018787265, -1
0.9999999, 1
0.9999996, 1
1.5336517e-06, -1
0.89863205, 0
0.99580795, 0
0.19644693, 0
0.99998456, 1
0.9996599, 1
0.9999062, 0
4.056281e-05, -1
0.00065296213, 0
0.009594393, 0
0.9999999, 1
0.0016684375, 0
0.00020260527, -1
0.9988506, 1
0.9999817, 1
0.00014838319, 0
0.6150374, 0
0.9209756, 1
0.99999684, 1
0.9947766, 0
0.0030538044, 0
0.9997982, 0
0.52861315, 0
0.99995726, 0
0.99980074, 1
0.99609554, 0
0.9999977, 0
1.0, 1
1.6132161e-07, -1
0.9652439, 0
0.8102325, 0
0.00017591004, 0
0.00014987629, -1
0.99998, 0
0.011889758, 0
4.020266e-05, -1
0.9670348, 1
0.00019959814, -1
0.03922102, 0
0.993115, 0
0.9970344, 0
0.9889325, 0
0.9982301, 0
0.09871935, 0
0.9999941, 0
0.9999835, 0
0.9963935, 0
0.9934557, 0
2.6719319e-05, -1
0.05670454, 0
0.9918155, 1
0.99262494, 0
0.99964815, 0
0.66855747, 0
0.84043974, 0
1.8826771e-05, -1
0.87395906, 0
0.0013901952, -1
1.7416693e-05, -1
0.99928313, 0
0.8772087, 0
0.9819189, 1
0.8128981, 0
0.99985135, 0
0.9985192, 1
0.026718786, 0
3.8133025e-05, -1
0.9559209, 0
0.977844, 0
7.131203e-05, -1
0.00075181207, -1
0.00020136844, 0
0.79799116, 0
0.90341216, 0
5.951429e-05, 0
0.8643043, 0
7.9589665e-07, 0
0.99280226, 1
0.99963677, 1
0.99999946, 1
0.21344958, 0
0.39751655, 0
0.0002502779, 0
0.9975448, 0
0.9982295, 0
0.9997178, 1
0.5605576, 0
0.58935875, 0
0.09470763, 0
0.7038644, 0
0.6367312, 0
0.9849707, 0
0.9655349, 0
0.3972244, 1
0.007202379, -1
0.98012406, 0
0.028677251, 0
0.90936404, 0
1.900297e-05, 0
1.0, 1
0.5218312, 0
0.0011594264, -1
0.011165204, 0
0.04526936, 0
0.02139948, -1
2.0521307e-05, 0
0.9999599, 0
0.9985976, 1
1.0, 1
3.0985833e-05, 0
0.00043294896, -1
0.94416744, 0
0.002606581, 0
0.00095394294, -1
0.9522294, 0
0.32840902, 0
0.99999964, 1
0.5855063, 0
3.8555804e-06, -1
0.9999991, 1
0.9999997, 1
0.46734563, 0
0.07029218, 0
0.0015619858, 0
0.9665417, 0
6.20824e-05, 0
0.89734626, 0
0.9940026, 0
0.99063784, 0
0.6026853, 0
0.9936318, 0
0.9999678, 1
1.0, 1
5.6042314e-08, -1
0.003146253, -1
0.9980278, 0
0.4329745, 0
0.99870783, 1
0.0016873395, -1
0.9966143, 0
0.003609261, 0
0.99961215, 1
0.0011303014, 0
0.0017148161, 0
0.99999166, 1
0.00037063635, 0
0.9869514, 1
6.771685e-08, -1
0.9936823, 0
3.0361478e-05, -1
0.0011594264, 0
0.9949791, 0
9.356568e-05, -1
0.26350683, 0
1.0, 1
0.99955267, 1
0.7493932, 0
0.99978346, 1
0.9912885, 1
4.932576e-07, -1
0.9999913, 0
0.91403496, 0
0.99945873, 1
0.6680075, 0
3.0361478e-05, 0
0.99900985, 1
0.99789256, 0
0.005250011, 0
0.9986773, 1
0.84123105, 0
0.98823726, 1
0.9999876, 1
0.0012969367, 0
0.99998635, 1
0.99999464, 1
0.11445481, 0
0.85889304, 0
0.99289316, 1
0.6589366, 0
0.9999998, 1
0.7856257, 0
0.9177706, 0
0.9572245, 0
0.9993664, 1
0.0006952182, 0
0.68766826, 0
0.28343612, 0
0.99943846, 0
0.800837, 1
0.9999213, 0
6.552287e-06, -1
2.919632e-05, -1
0.9987504, 1
0.9752178, 1
0.99973327, 1
0.36920962, 1
0.00022001316, -1
4.2002105e-07, -1
0.9995603, 0
0.99907494, 0
0.9616363, 1
0.99993646, 0
0.0043194694, 0
0.5873179, 0
0.99995494, 1
0.9997013, 0
0.999879, 1
0.9999971, 0
0.3340063, 0
0.13665698, 0
0.99999934, 1
0.99989575, 1
0.8078078, 0
1.0, 0
0.89165485, 0
0.019811412, 0
0.9840513, 0
0.68868005, 0
0.00017585873, -1
0.99999416, 1
0.00528288, -1
0.9999351, 1
0.9989132, 0
0.9999999, 1
0.0051392675, 0
0.99994487, 1
0.8564727, 0
0.9977024, 1
0.99999934, 0
0.7254964, 0
3.4383163e-05, -1
0.00160802, -1
0.41479555, 0
0.98731, 0
0.0005197474, -1
1.2970155e-05, -1
0.99610215, 1
0.000134419, 0
0.00020136844, -1
0.021357324, 0
0.99938357, 0
0.9999946, 1
0.75909907, 0
0.22213869, 0
0.8957006, 0
0.8847556, 0
0.9914106, 0
0.00053880643, -1
0.9999819, 1
0.97979444, 1
0.0056434334, 0
0.99993044, 1
0.9997017, 1
0.9991441, 1
0.999987, 1
0.99979305, 0
0.9262297, 0
0.012948154, 0
0.9992183, 0
0.99878293, 1
0.2356367, 0
0.9994665, 0
0.0019381108, -1
5.4620315e-11, 0
4.7306683e-05, 0
0.96783674, 1
0.82419175, 0
0.31706887, 0
0.901639, 1
0.00439952, -1
0.99762946, 0
0.9806191, 1
0.0025591748, 0
0.99987644, 1
0.04597081, 0
0.99991626, 1
0.99999845, 0
0.9998612, 1
0.0013531485, -1
4.4693786e-07, 0
0.9999679, 1
0.0011972529, 0
5.951429e-05, -1
0.17157966, 0
0.9506992, 0
0.99979913, 0
2.8618882e-05, 0
0.9764469, 0
0.99999964, 1
0.056576937, 0
0.0001804919, -1
4.5287477e-05, -1
0.43122116, 0
0.26590574, 0
0.99999475, 1
0.9999781, 1
0.9984243, 1
0.426627, 0
0.99999976, 1
0.99437916, 0
0.997093, 0
0.6544855, 0
0.99999994, 1
0.01621868, 0
0.99999785, 0
0.9990058, 0
2.7088723e-05, -1
0.99998593, 0
0.9951179, 0
0.99938434, 0
2.7199878e-05, 0
0.99996674, 1
0.999995, 1
0.6297528, 0
0.9999171, 1
0.9999418, 1
0.9987814, 0
0.9997147, 0
0.99998736, 1
0.99997604, 1
5.7406783e-08, -1
0.9999999, 1
0.85603786, 0
0.021585863, 0
3.0894545e-05, -1
0.982665, 1
0.57456964, 0
0.2849013, 0
0.9987131, 0
0.040451486, 1
0.9966636, 0
0.9926995, 1
0.008566337, 0
0.86187506, 0
0.00014589456, 0
0.003352341, 0
0.9997238, 1
0.0003667813, -1
0.39886814, 0
3.782669e-06, -1
0.99999434, 0
0.9999998, 1
0.99999994, 0
0.9024632, 0
0.0026825124, 0
0.9988096, 1
0.99999136, 0
0.029188465, 1
0.9999206, 1
0.99999803, 1
0.9792979, 0
0.9993563, 0
0.00041962566, 0
0.9946981, 0
0.5891271, 0
0.04379466, -1
0.9997474, 1
0.09879876, 0
0.9994621, 0
0.9996139, 0
6.3203275e-05, -1
0.9999967, 1
0.9943041, 0
8.0089456e-05, -1
0.9981287, 1
0.99990237, 1
0.99857825, 1
0.89280057, 0
0.9997342, 0
0.9999905, 1
0.81906235, 0
0.00047185217, -1
0.9929575, 1
1.2301448e-05, -1
3.0205845e-05, 0
0.84766954, 0
0.99923825, 1
0.9995469, 1
7.089224e-08, 0
1.6516784e-05, -1
0.99994355, 1
0.9999994, 1
2.4803672e-05, -1
0.99918336, 1
0.99990284, 1
0.42960665, 0
0.99777585, 1
0.6236082, 0
0.99887747, 1
0.0040880973, 0
0.0005028306, -1
0.84757984, 0
0.99187934, 1
0.0018520084, 0
0.99992657, 0
0.07829142, 0
0.7965782, 0
0.948037, 0
0.9998934, 1
0.9999977, 1
0.95422095, 0
0.89455193, 0
0.00090657483, -1
0.999455, 1
0.4979518, 0
0.99129206, 1
0.052060153, 0
0.7314099, 1
0.9999003, 1
0.9999833, 1
0.98497695, 0
0.9999437, 0
0.9740734, 0
0.9999993, 0
0.99958557, 1
0.99997294, 0
0.0007657661, -1
0.9353816, 0
0.99726224, 0
5.3260683e-06, 0
0.044130884, 0
0.99818796, 0
0.0005017761, -1
0.99908334, 0
1.0, 1
0.99999917, 1
3.9258694e-06, -1
0.9218259, 0
0.9999963, 1
0.99985766, 0
0.8934136, 0
0.0009224601, 0
0.4630969, 0
0.9874844, 0
0.9992393, 1
1.0, 1
4.271137e-05, -1
0.8996774, 0
0.99999905, 1
0.008684771, -1
3.9844995e-08, -1
0.08657392, 0
3.6456106e-05, 0
0.9161876, 1
7.3843716e-05, -1
0.99778765, 0
5.022838e-06, -1
0.9747661, 0
0.9999892, 1
1.8897451e-06, 0
0.013149977, 0
0.99999976, 1
0.9967633, 0
0.46730077, 0
0.9822346, 1
0.9939205, 0
0.36458772, 0
0.9999993, 1
0.99939436, 0
0.7581963, 0
0.9991037, 0
0.99904513, 0
0.9597598, 1
0.014767178, -1
0.9962051, 0
0.9995179, 0
0.0010375436, -1
0.99932885, 0
0.95705867, 0
8.127525e-08, -1
0.9936017, 1
0.98234725, 0
0.98569274, 1
0.9591395, 0
0.8219175, 0
0.9975674, 0
0.9998532, 1
0.010793494, -1
0.077808335, 0
0.35461047, 0
0.9999078, 1
0.9999904, 1
0.2090961, 0
0.9939937, 1
0.99996877, 1
0.99999815, 1
0.0005564995, 0
0.98181057, 0
0.0086043095, -1
0.730084, 0
0.7624144, 0
0.999286, 0
0.98072577, 1
0.9999981, 0
0.87395906, 0
0.10207604, 0
0.0010664881, -1
0.00040520652, 0
0.06311604, 0
0.9999442, 0
0.0021206248, 0
0.9999763, 1
0.9999034, 1
0.9977007, 0
0.997627, 1
0.9998212, 0
0.9999743, 1
0.0001610369, 0
0.0013543327, -1
0.99119264, 1
0.99309814, 1
0.9999997, 1
0.98956186, 0
0.018074514, 0
0.9999756, 1
0.33738506, 0
0.99630725, 1
0.95380664, 0
0.00040520652, -1
0.99999076, 1
0.16563848, 0
1.3491463e-07, 0
0.9912443, 0
0.0077501517, -1
0.9986587, 1
0.9811249, 0
0.9579554, 0
0.99443334, 0
0.98591673, 0
0.0019872568, -1
0.0032545545, -1
0.507458, 0
0.061100483, 0
0.99261534, 0
0.99583256, 0
0.8557995, 1
0.9999795, 1
0.0005847199, 0
0.99917066, 0
0.99821484, 0
9.346161e-05, -1
4.5955545e-05, 0
0.9994304, 1
0.9344144, 0
0.99970144, 1
0.9997309, 1
0.99953735, 1
0.0001300983, -1
3.8025728e-06, -1
0.011780769, -1
0.98399156, 1
0.99999523, 1
0.9999996, 1
0.00017342786, 0
0.99994856, 1
0.99998385, 0
0.99883485, 0
0.999816, 0
0.05717743, -1
0.77981514, 0
0.34166855, 0
0.9790858, 0
0.13767117, 0
0.86210155, 0
0.99990255, 1
0.8490509, 0
0.9729097, 1
0.95481366, 0
0.9987289, 0
0.009828687, 0
0.98502237, 0
0.00032069703, 0
0.99519366, 0
0.992942, 0
0.7957346, 0
0.9999994, 1
0.9748345, -1
0.0003547149, 0
0.9991716, 1
0.99980605, 0
0.99999905, 1
0.99966305, 0
0.9985456, 0
0.0663873, 1
0.9804966, 0
0.010887504, 0
0.96009856, 0
0.12802061, 0
0.9995274, 1
0.6067016, 0
0.99965495, 0
0.046111718, -1
0.9988703, 0
0.5976128, 0
0.0073157423, -1
0.9972525, 1
0.98017055, 0
0.003298465, 0
0.00088042207, 0
0.9716076, 0
0.78277355, 0
4.0086467e-09, 0
2.7052683e-05, -1
5.79135e-05, -1
0.004668108, -1
0.9995842, 0
0.9999911, 0
3.0933302e-06, -1
0.96125156, 0
0.00030489222, -1
0.9953258, 1
0.99808854, 0
0.13935608, 0
4.455528e-06, 0
0.9973851, 1
0.99999964, 0
0.99894357, 1
0.8694148, 0
0.9060024, 0
0.0013766696, 0
0.9292028, 0
0.9999929, 1
0.9999454, 0
0.9999937, 1
0.99693626, 0
0.99999803, 1
0.99999875, 1
0.9846627, 0
0.9997968, 1
0.99933565, 0
0.999908, 1
0.99885005, 1
0.99813384, 0
0.095713854, 0
0.69509655, 0
0.0004573848, -1
0.9999721, 0
0.00018710305, -1
0.5292507, 0
1.0, 1
0.91626906, 0
0.99961513, 1
0.9957954, 0
2.249669e-08, -1
0.9993744, 0
0.99755204, 1
1.0, 1
0.99999714, 1
0.99956393, 1
0.9999964, 1
0.997575, 0
0.9999551, 0
0.99341905, 0
0.783673, 1
0.58348435, 0
0.99987745, 0
0.7263359, 1
3.2702126e-06, -1
0.45630237, 0
0.008694905, 0
0.997632, 1
0.00011651666, -1
0.9999765, 0
4.4963657e-05, -1
0.99963176, 1
0.9995583, 1
0.9894841, 1
0.14371714, 0
1.5416996e-05, 0
0.99953127, 0
0.0006238365, -1
0.9999994, 1
0.0025591748, -1
0.9999962, 1
0.9995381, 1
0.9999865, 0
0.00025890465, -1
0.82780045, -1
0.0040820735, 0
0.0023507029, -1
0.9999686, 1
0.99809784, 1
0.8328608, 0
0.7163258, 0
0.9825151, -1
7.4109164e-05, 0
0.999994, 0
0.999982, 1
0.9999875, 1
0.98953074, 0
0.0027221642, 0
0.04379466, 0
0.999234, 1
2.0861112e-06, -1
0.98964894, 0
0.95646834, 1
0.995348, 0
0.9999988, 1
0.73936814, 0
0.9186187, 1
0.78993034, 1
0.9588044, 1
0.9810092, 0
0.9998871, 1
0.99953014, 0
0.9989781, 1
0.6951951, 0
0.008327304, -1
0.9888565, 1
1.0, 0
0.9999989, 1
0.9918101, 1
0.0051392675, -1
0.99960464, 0
0.85971, 0
3.4833527e-05, -1
0.99013287, 0
0.9997261, 0
0.9096266, 1
0.9914172, 0
0.987401, 0
0.9761398, 0
3.2111496e-09, -1
0.9998968, 1
0.99648124, 0
0.996329, 0
0.0061761118, 1
0.9999998, 1
0.9995607, 1
0.59934944, 0
2.959889e-07, 0
0.999836, 0
0.80596817, 0
0.99998766, 1
0.9930508, 1
0.0002038425, -1
0.00013888463, 0
1.000019e-06, -1
0.9968771, 1
3.902963e-06, 0
0.96865296, 0
0.9999939, 1
0.9986827, 0
0.9999942, 1
0.44843653, 0
0.8999168, 1
0.99912363, 1
0.00088042207, -1
0.0008343302, 0
3.4557152e-06, -1
0.0073078824, -1
0.00020707103, 0
0.0010006955, 0
0.99954766, 0
0.99943507, 1
0.99994135, 1
0.9999953, 0
0.99999964, 1
0.99996734, 0
0.7882754, 0
0.9999999, 1
0.9902343, 0
0.99999624, 0
0.40811336, 0
1.0, 1
5.4620315e-11, -1
2.2195347e-05, 0
0.9998798, 0
0.9998911, 0
0.9966429, 1
0.99382013, 0
0.9928446, 1
0.9503325, 1
0.54084814, 0
0.0094887195, 1
6.20824e-05, -1
0.9782995, 0
0.999969, 1
7.341025e-08, -1
0.99999964, 1
0.48662603, 0
0.9960152, 0
0.7445447, 0
0.9951311, 1
0.9113166, 0
0.99129444, 0
0.9989227, 0
0.99962926, 1
0.99168676, 0
0.99997866, 0
2.1822265e-08, 0
0.99976957, 1
0.9991393, 0
0.99932146, 1
0.9989783, 0
0.95709306, 1
0.00069786585, -1
6.2449e-05, 0
0.99830955, 1
2.9376266e-05, -1
0.9356506, 0
0.00014589456, -1
0.98424697, 0
0.77450895, 1
0.00046185896, 0
0.00035779653, 0
0.99999404, 1
0.9989705, 1
0.9998015, 0
0.8030069, 0
0.26439363, 0
0.880495, 0
0.00026764354, 0
0.9159991, 0
0.69026184, 0
0.99952483, 0
0.011677783, -1
0.90187055, 0
5.7276124e-05, 0
0.12387997, 1
0.9998921, 0
0.0094186785, 0
0.9999095, 1
0.99999905, 1
0.9935071, 1
0.000113558555, -1
0.99992615, 0
0.99998885, 1
0.9472672, 0
0.9995464, 1
0.9927221, 0
0.00033802775, -1
0.99998885, 0
0.0017725542, -1
0.6777318, 0
1.0, 1
0.9999993, 1
3.677554e-05, -1
0.9593041, 1
0.99999505, 1
0.0060575567, 0
0.99178416, 1
0.9475334, 0
0.9997964, 1
0.98631024, 0
0.5182406, 0
0.9994462, 1
1.2566831e-05, 0
0.49427643, 0
0.7628205, 0
0.00096341386, 0
0.97556436, 0
0.22532076, 0
0.99998105, 0
0.98592913, 1
0.99711484, 0
0.99988025, 1
3.749891e-05, -1
0.9999789, 1
0.0038701757, -1
0.95258653, 1
0.9998798, 1
0.00026764354, -1
0.0008728693, -1
0.23758174, 0
0.9729508, 0
0.47679234, 0
0.8897516, 0
0.9994972, 1
0.9924382, 0
0.9999955, 1
0.99977994, 1
0.98958397, 0
0.5045037, 0
0.9999963, 0
0.99327546, 0
0.9999976, 1
2.4515244e-05, 0
0.99999994, 1
0.9999045, 0
0.99776745, 1
0.00037081036, -1
2.4522226e-06, -1
0.6084475, 0
1.83056e-07, -1
4.4504642e-07, 0
0.00013746222, -1
2.3187853e-05, 0
0.99966085, 0
6.8568147e-06, 0
1.2258892e-08, -1
0.3798842, 0
0.99816686, 0
0.9990916, 1
0.9999688, 1
0.8820881, 0
0.99918294, 1
1.7713944e-09, -1
0.90348065, 0
0.0003667813, 0
0.99997187, 1
0.9962206, 0
0.99960697, 0
0.97221833, 0
0.41146487, 0
0.9999639, 1
3.7566202e-05, -1
8.349542e-06, -1
0.81716526, 0
1.2138819e-06, -1
0.010675925, 0
0.9928939, 1
0.8755185, 0
0.99938333, 1
0.38936132, 1
0.953022, 0
8.0089456e-05, 0
0.9924433, 0
0.9619561, 1
0.9999307, 0
0.9999935, 0
0.077064954, -1
1.0, 1
0.061767463, 0
0.017545367, -1
0.82062054, 0
0.98612773, 0
0.93364507, 0
0.99792933, 1
0.9994216, 0
0.97451323, 0
0.99922943, 1
0.9999408, 0
0.9888542, 0
0.9654101, 0
0.36669847, 0
0.997618, 0
0.9897899, 1
0.9998486, 0
0.99597156, 0
0.0014259565, -1
0.99998915, 0
0.7844036, 0
0.9999934, 0
8.4266e-06, -1
0.99918514, 1
0.9999994, 0
1.0, 1
0.7121118, 0
4.446253e-11, 0
0.0012078632, -1
0.99201334, 1
0.00010595719, 0
0.9999999, 0
0.9945743, 0
0.99992025, 1
0.87828076, 0
0.9999948, 1
0.9999999, 1
3.8660888e-05, -1
0.0057774954, -1
0.9985055, 0
0.5054327, 0
1.3257358e-05, -1
0.51627785, 0
0.99687225, 1
0.9994766, 0
0.0003322595, -1
0.9980079, 1
0.9959163, 1
0.3817049, 0
0.9999543, 1
0.95341927, 0
0.2508613, 0
5.6933804e-05, -1
0.9800533, 0
0.6453306, 0
3.797712e-05, 0
0.9932766, 0
0.9973443, 0
0.9999999, 1
0.99689645, 1
0.32922783, 0
0.99123615, 0
0.99973625, 1
5.4737586e-05, -1
0.31109187, 0
1.5924526e-05, -1
0.9999994, 1
0.9822862, 0
0.99006844, 0
0.99591833, 1
0.99188477, 0
0.00015836734, -1
0.99770087, 1
0.77210087, 0
0.9998328, 1
0.59676355, 0
0.9999772, 1
0.943533, 0
0.30490604, 0
0.7373103, 1
0.005296976, -1
0.79239887, 0
0.9993277, 0
1.2566831e-05, -1
0.9999981, 1
0.13318221, 0
0.009476779, 0
0.00015288098, 0
0.9909975, 1
0.9887638, 1
0.13759269, 0
0.99960846, 1
0.99999994, 1
2.2421409e-07, 0
0.016705088, -1
0.5004352, 0
0.00016332418, 0
0.00080978684, -1
0.9999431, 1
9.114811e-05, 0
1.0966274e-07, -1
0.00065302243, -1
0.20848098, 0
0.9999995, 1
0.99998456, 1
0.99668497, 0
0.9999987, 0
0.9999979, 0
0.9989858, 1
0.99791723, 0
0.99998236, 1
0.0049893972, 0
0.99974453, 0
0.9999969, 1
2.7791132e-06, -1
0.99862355, 1
0.6630849, 0
0.99990314, 0
0.8848874, 1
0.93983203, 0
0.9906425, 0
2.7052683e-05, 0
3.4053207e-09, -1
0.0002889561, -1
0.9961266, 0
0.9999878, 0
0.9983097, 0
0.99958163, 0
0.9474562, 1
0.99988866, 1
0.9273923, 0
0.99933827, 1
0.99999976, 1
0.8624183, 1
0.83501697, 0
0.92388827, 0
0.9999716, 1
0.0002604123, -1
1.0, 1
0.9182368, 1
0.78174394, 0
1.2970155e-05, 0
8.349542e-06, 0
0.99877566, 1
0.9990515, 0
0.94230986, 0
0.9965099, 0
0.999991, 0
0.36267775, 0
0.17763269, 0
0.0027129117, 0
0.9999835, 1
0.00034349939, 0
0.9999711, 1
0.98921335, 0
0.98287517, 0
0.06878136, -1
0.9998722, 0
7.408122e-11, -1
0.99871993, 1
1.0, 0
0.9613515, 0
3.05187e-05, 0
0.9783952, 0
0.9987302, 0
0.99988717, 1
0.7722564, 0
0.99999624, 1
0.8272172, 0
0.7883805, 0
0.99977773, 1
0.011780769, 0
0.9962206, 0
0.99828583, 0
0.008849709, 0
0.00386265, 0
0.999996, 1
0.9999992, 0
0.72116715, 0
0.98251736, 1
0.9986492, 0
0.9569091, 0
0.9999996, 1
2.5335474e-05, 0
0.9845782, 0
0.97226346, 0
0.024095986, 0
0.99999946, 1
0.9950669, 0
0.9999999, 1
3.7795675e-05, -1
0.99999356, 0
0.0061299233, -1
0.99871176, 1
0.9999998, 0
0.83882546, 0
7.051968e-07, -1
0.0329502, 1
0.80929464, 0
0.8467133, 1
9.346161e-05, 0
0.8139165, 0
0.9427011, 0
6.1537507e-06, -1
0.088066354, 1
0.04284814, 0
0.9959026, 1
0.9999993, 0
0.99979645, 0
0.7942107, 0
0.001205387, 0
0.16970974, 0
1.5047169e-06, -1
0.99532354, 1
0.21549802, 0
0.99996567, 1
0.0015986101, 0
0.9999765, 1
0.89969134, 0
0.056698512, 0
0.99987555, 1
2.7465696e-05, 0
1.0, 1
6.386695e-05, -1
0.9998369, 1
0.98497146, 0
0.34871414, 0
0.001193231, -1
0.9225861, 0
0.9999996, 0
0.9703245, 0
0.6902337, 1
0.9999993, 0
0.99601424, 0
0.00029474433, 0
0.9932644, 0
0.90323186, 0
0.99829036, 0
0.9999967, 1
0.104095474, 0
0.9999988, 0
0.99999803, 1
0.9988323, 0
0.99999535, 1
0.9999824, 1
9.389173e-06, 0
0.9969435, 0
0.17446785, 0
0.126352, 0
0.14763589, 1
0.0101010045, 0
0.7593694, 0
1.0, 1
0.9998385, 0
0.7953514, 0
0.9292028, -1
0.9994074, 1
0.51431656, 0
0.99999106, 1
0.9919923, 0
0.9999984, 1
0.028571652, -1
0.00075181207, 0
0.7997666, 0
0.40908194, 0
0.6788754, 0
0.99349207, 1
0.9921281, 0
8.917952e-05, -1
0.99989074, 0
0.9995579, 1
0.99998707, 0
0.9988825, 0
4.5864587e-07, -1
0.9404889, 0
9.2670976e-05, -1
0.00034082308, -1
0.7174407, 1
0.99999624, 1
0.0001438899, -1
0.9999998, 1
0.9981084, 0
0.062071923, 0
0.99996924, 1
0.9881156, 1
4.932576e-07, 0
0.9999995, 0
0.35211197, 0
0.9996348, 0
0.9413266, 0
4.0363535e-08, -1
0.9985515, 1
0.00013044004, -1
0.9999995, 0
2.7507804e-06, 0
1.0, 1
0.9999998, 1
0.88607657, 0
0.99999994, 1
0.99999565, 1
0.99399745, 1
0.9782543, 0
0.9998106, 1
0.0005580053, -1
0.9808395, 0
0.9989115, 1
0.99962175, 1
0.99999255, 0
4.2186384e-05, -1
0.9915646, 1
0.25193316, 0
1.9232413e-05, 0
0.99979454, 1
0.00022384559, 0
0.00056327845, -1
0.99998945, 1
5.8356727e-05, 0
0.99762744, 1
0.0003760463, -1
0.9905423, 1
0.9574955, 0
0.9999441, 1
0.9818734, 1
0.33221763, 0
0.99984485, 0
0.9203217, 0
0.9998766, 0
0.99884903, 0
0.8860447, 0
0.1794088, 0
0.0020938106, 0
0.9999995, 1
1.0, 0
0.026194137, 0
7.3487854e-07, -1
0.73505497, 0
0.008268289, -1
2.947257e-05, -1
0.9412949, 0
0.9995695, 0
0.9999978, 1
0.15219092, 0
0.99901813, 1
0.9999875, 1
0.99910456, 0
0.932426, 0
0.0016224101, 0
1.7416693e-05, 0
0.7533, 0
1.119625e-05, 0
0.99836886, 0
1.2695399e-06, -1
0.0010416051, 0
0.9999961, 0
0.824487, 0
0.9999611, 1
0.00022384559, -1
0.00038718167, 0
0.9995736, 0
0.9999289, 1
2.7993026e-05, -1
0.99661505, 0
1.5099739e-06, 0
0.9586425, 1
0.99999666, 1
0.9982138, 0
0.99993396, 0
0.96384954, 0
0.027124545, -1
0.99994093, 0
0.9614488, 0
0.8181323, 0
0.99600756, 1
4.538148e-06, -1
0.00082222925, -1
0.80100083, 0
0.0003547149, -1
0.34067836, 0
0.99445677, 0
0.9597002, 0
0.008375901, 0
0.91571265, 0
0.9999993, 1
0.9698778, 1
0.9999929, 0
4.2287156e-05, -1
0.9979629, 0
0.992541, 0
0.99837565, 1
0.9999727, 1
0.9706375, 0
0.15232386, 0
0.99999976, 1
0.7790128, 1
0.99921745, 0
1.3995362e-06, -1
1.0, 1
0.93383646, 1
0.95707214, 0
0.28651956, 0
0.999594, 0
0.97181267, 1
0.99981546, 1
0.9752261, 0
0.76904553, 0
0.0018794681, 0
1.0, 1
0.998458, 0
0.9596903, 0
4.824911e-05, -1
1.0, 1
0.9941963, 1
0.8006187, 0
0.95689386, 1
0.0013901952, 0
1.5946061e-05, -1
0.9944338, 1
0.49640664, 0
0.9995168, 1
0.0013543327, 0
0.99843997, 1
0.9220406, 0
0.9998689, 1
0.98813206, 0
0.9999452, 0
0.99971926, 1
0.9638054, 0
3.6558842e-07, -1
0.94392514, 0
0.0094186785, -1
6.531179e-07, -1
0.99993795, 1
1.0, 1
0.99994373, 1
0.0002331801, 0
4.0385567e-05, -1
0.11092468, -1
0.00014838319, -1
0.00037699693, -1
7.9913285e-09, -1
0.2036682, 0
0.9999933, 1
0.99991775, 1
0.9999882, 1
0.19059059, 0
0.9999622, 1
0.16515765, 1
0.9999898, 1
0.9941949, 0
0.5499034, 0
0.8947215, 0
8.68289e-05, -1
0.99984175, 1
2.2195347e-05, -1
0.88936025, 0
0.9975417, 0
0.99441284, 0
0.34787935, 0
0.0014443204, 0
0.99853647, 1
0.99996054, 1
0.6864722, 0
0.98679614, 0
0.9254336, 0
0.9999998, 1
0.9999829, 0
8.809423e-06, -1
0.83367103, 0
0.9996856, 1
0.9999772, 1
0.00020707103, -1
0.46837837, 0
0.9966318, 0
0.99998754, 1
0.9994253, 0
0.9966721, 0
0.99849427, 1
5.0379145e-09, -1
0.99998057, 1
0.9692355, 0
0.99553514, 1
0.948578, 1
2.8733793e-05, -1
2.8875085e-08, 0
1.0, 1
0.9876687, 1
0.9568487, 0
0.9508039, 1
7.407469e-05, -1
0.99999905, 1
0.99937207, 1
2.8295376e-06, -1
0.038147047, 0
0.9574847, 1
0.9998174, 1
0.93525684, 0
0.99999875, 0
7.623118e-05, -1
0.17538537, 0
0.9985247, 0
0.9999996, 1
0.13492103, 0
0.99995065, 0
0.6120247, 0
0.9999979, 1
1.0, 1
0.014139579, 0
0.9997004, 0
0.9996453, 0
0.99999946, 0
0.9999936, 1
0.91490686, 0
0.9854796, 0
1.0, 1
0.9999756, 1
0.9999913, 0
0.020805087, 0
0.99999994, 1
0.0004337251, 0
6.606922e-05, -1
0.42970106, 0
0.9710529, 0
0.9993947, 1
0.99967796, 1
0.99999845, 1
0.9999904, 0
0.9999985, 1
0.9999869, 0
0.9999996, 1
0.9932393, 0
0.61229587, 0
7.5044427e-06, -1
0.9240269, 0
0.00037514864, -1
0.9961807, 1
9.753652e-06, 0
0.98947304, 0
0.9998202, 1
0.9145809, 0
0.46842885, 0
0.8956532, 0
0.19454972, 0
0.00091016624, 0
0.41864136, 0
0.38378996, 1
0.99757546, 1
0.76056427, -1
0.99919987, 0
0.17903198, -1
0.99999994, 1
0.95009804, 0
0.99877584, 1
0.99258363, 0
0.9999993, 1
0.6313302, 0
2.7993026e-05, 0
0.35402268, 0
0.99903476, 1
0.9999432, 1
0.9999697, 1
0.98142636, 0
0.9547171, 1
0.5250544, 0
0.93514675, 0
0.99999815, 1
0.19228691, 0
0.97991854, 1
1.0, 1
0.99163413, 1
0.99987864, 1
0.00439952, 0
1.0, 1
1.9570722e-05, 0
5.7276124e-05, -1
0.16176724, 0
0.016475746, 0
0.98492736, 0
9.10914e-07, -1
0.99546546, 0
0.9999998, 1
0.99896175, 0
1.0251051e-05, -1
0.99993825, 1
0.9999768, 1
4.79083e-07, -1
0.000102615624, -1
0.9997157, 0
0.00061028544, 0
0.92035854, 0
0.00032364376, 0
0.9999977, 1
0.99999434, 1
0.6794656, 0
0.9960701, 1
0.03779005, -1
0.99954534, 0
3.902963e-06, -1
0.99969155, 0
0.08418828, 0
0.5137458, 0
5.75243e-05, 0
0.03779005, 0
0.9957474, 0
0.9987266, 1
0.12883392, 0
0.99949604, 0
0.9797645, 0
0.07552163, 0
0.9773549, 0
0.09169304, 0
0.9968171, 0
0.9999962, 1
0.9997342, 1
0.021169916, 0
0.9919128, 0
0.97285837, 0
0.99901867, 0
0.00014137212, -1
0.98086214, 1
0.35847783, 0
4.047445e-09, 0
0.9966285, 0
0.8297273, 0
1.0, 1
0.7453914, 0
0.9999796, 1
0.99978334, 1
0.0277848, -1
0.99489444, 1
0.0005847199, -1
0.9990038, 0
0.9999233, 1
0.99862283, 1
0.9999997, 1
0.99999446, 1
0.9974789, 1
0.9505052, 0
0.0001109817, -1
3.3029846e-06, 0
0.999993, 1
0.986684, 1
0.999981, 0
0.99894845, 1
0.99707043, 0
0.97699916, 0
0.9958888, 0
0.9999999, 1
8.204644e-06, -1
0.9459352, 1
0.99999845, 1
9.389173e-06, -1
2.7562319e-06, -1
0.9975265, 1
0.0007947168, -1
0.65557325, 0
0.7251552, 0
0.99996126, 1
0.94649696, 0
0.88391596, 1
0.7685505, 0
1.8743382e-08, 0
0.99991745, 1
0.0004161651, 0
0.9999978, 1
0.9999995, 1
4.7297837e-07, 0
0.025678163, 0
0.97874415, 0
1.2695399e-06, 0
0.0006209823, -1
0.9999998, 1
0.99852633, 1
0.9999439, 1
0.49644598, 0
0.894646, 1
0.19031769, 0
0.18987572, 0
0.015929503, -1
0.0009114884, -1
0.06915171, 0
0.00046035612, -1
0.99669623, 1
0.0007207437, -1
0.9999976, 0
0.95962316, 1
0.99972, 1
0.998908, 0
3.3288623e-05, -1
0.9983746, 0
0.17926936, 0
0.95387065, 0
0.42268682, 0
0.7806364, 0
0.89690506, 0
0.6316122, 0
0.0149987, -1
1.0, 0
3.1644987e-07, 0
0.99991566, 1
6.7136345e-05, 0
0.64201814, 0
0.72068685, 0
0.9999999, 1
6.737782e-06, 0
0.00013888463, -1
0.8666098, 0
0.00022049827, 0
0.6374131, 0
0.9999998, 0
0.0015792722, -1
0.003352341, -1
0.99965644, 1
0.7303296, 0
0.93296516, 0
0.9995777, 0
0.99802536, 0
0.0043673185, 0
0.9999969, 1
0.66810596, 0
0.9999307, 1
0.9362268, 0
0.99999934, 1
0.9996485, 1
0.0005430425, -1
0.50023645, 0
0.065924615, 0
0.9977078, 1
0.99992585, 0
0.9703084, 0
0.9976256, 0
0.9981233, 1
0.99998266, 0
0.9999762, 1
0.00026732043, -1
0.9999962, 0
0.94546753, 0
0.99948126, 0
0.024195684, 0
0.9984213, 1
0.99780196, 1
0.99999803, 1
0.99999684, 1
0.04148834, 0
0.9999748, 1
3.097328e-05, 0
4.4504642e-07, -1
0.68204474, 0
0.9927289, 1
0.9611737, 0
0.0022524227, 0
3.011596e-05, 0
0.99639857, 1
0.37566844, -1
0.80904233, 0
2.3755712e-08, -1
0.24811637, 0
0.99968415, 1
4.226766e-06, 0
0.6550735, 0
0.9998973, 1
0.9989491, 0
0.35567874, 0
0.00012558648, -1
0.98867136, 1
0.86777174, 0
0.0038542687, 0
0.9942619, 1
0.9946557, 1
0.00038718167, -1
0.99997187, 0
9.590962e-06, -1
0.009476779, -1
0.39473015, 0
1.064647e-05, 0
9.832092e-06, 0
0.99999976, 1
0.3735098, 0
0.99927896, 0
1.0, 1
0.9345757, 0
0.9964824, 0
0.9997707, 1
0.9999783, 1
0.9816541, 1
0.97688717, 1
0.9999501, 1
0.99999976, 1
0.93828505, 0
0.9999984, 1
6.5374506e-06, -1
0.9999245, 1
0.9999997, 1
0.99989444, 1
0.9368225, 0
0.99964434, 0
4.1368266e-06, -1
0.9999925, 1
0.9999974, 1
0.99999255, 1
0.9998148, 1
0.9798793, 0
0.99999905, 0
0.13521902, 0
0.99506384, 0
1.8937756e-06, -1
0.999876, 0
0.9999088, 1
5.669363e-06, 0
0.9189288, 0
0.21721087, 0
0.43942535, 0
0.35056153, 0
0.9996973, 0
0.9999999, 0
0.0051161265, -1
9.716034e-05, -1
0.9999993, 1
0.99985623, 1
0.1410269, 0
0.99864155, 1
0.9964332, 0
0.9897529, 1
0.0010259408, -1
0.9994385, 1
0.5829334, 0
0.2081701, 0
0.99546003, 1
1.8008817e-05, -1
0.0035863996, 0
0.8619715, 0
0.9989903, 1
0.9999055, 1
0.99999976, 1
1.5898504e-05, 0
0.99772394, 0
0.9587267, 1
0.99384385, 0
0.9224756, 0
0.956741, 0
0.000102887134, -1
6.985525e-05, 0
0.99225897, 1
0.0073078824, 0
0.650576, 0
0.9991902, 1
0.00017181058, -1
0.00074180914, 0
0.9965585, 1
0.999994, 0
5.79135e-05, 0
0.07698989, 0
0.9981144, 1
0.59589285, 0
0.00039983127, -1
0.49833792, 0
0.31943712, 1
0.85816234, 0
0.9999986, 1
1.0, 1
0.0036234187, 0
0.9999921, 1
0.9565263, 0
1.0, 1
0.14628541, 0
0.8983343, 0
0.41894048, 0
0.9824656, 0
0.0026188754, -1
0.9999834, 1
6.2449e-05, -1
0.7987801, 0
0.9977918, 1
0.0033666687, -1
0.99784994, 0
0.99999857, 1
0.027534293, 0
0.99999577, 0
1.7321052e-05, -1
0.013796682, -1
0.91255283, 0
0.99992007, 0
0.004756159, 0
7.089224e-08, -1
0.99986833, 1
0.6439765, 0
0.9996548, 0
0.84766954, 0
0.99397254, 0
0.92448825, 0
0.00014016488, -1
0.9999948, 1
1.0, 1
0.956741, 0
0.99989367, 0
0.9992585, 0
0.000120070865, -1
0.8345995, 0
0.1928326, 0
0.99997187, 1
0.0001533226, -1
1.0, 1
0.99940825, 1
0.9977351, 1
0.99962014, 1
0.99999994, 1
0.6152215, -1
0.9997456, 1
7.923025e-07, 0
0.99081504, 0
0.28529477, 0
0.9999997, 1
0.99993604, 1
0.0005977893, -1
0.98866314, 0
0.74539936, 0
0.89262027, 0
0.9998681, 1
0.9969094, 0
0.999285, 0
0.9988249, 1
0.99446017, 1
0.9997639, 0
0.0007027431, -1
0.0003760463, 0
0.0036523377, 0
0.8711744, 0
0.99589556, 1
0.9999999, 1
0.00989919, 0
0.9996618, 1
0.98552763, 0
0.9999972, 1
0.8173863, 0
0.29808903, 0
0.9857914, 0
0.9989575, 1
0.99751586, 0
0.97487944, 0
0.9999864, 0
0.0013531485, 0
0.99998987, 0
0.9989272, 0
4.410146e-05, -1
9.9894874e-05, 0
0.99991363, 1
0.0025858535, -1
0.0001833547, -1
0.9996917, 1
0.9942938, 0
1.6596e-05, -1
0.99999607, 0
1.5416996e-05, -1
1.5924526e-05, 0
0.009983235, -1
7.524075e-05, -1
0.9970746, 0
0.42495015, 0
1.399197e-07, -1
0.9999865, 1
0.97900903, 1
0.40005028, 0
0.9910422, 1
0.99999285, 0
2.6719319e-05, 0
0.9982516, 1
0.99748, 0
0.015558869, 0
0.53711295, 0
0.9999821, 1
0.99999887, 0
0.34600794, 0
0.13759269, 0
0.99909264, 1
0.0014991075, 0
1.5298157e-07, -1
4.4963657e-05, 0
2.942e-05, -1
0.9943399, 0
0.9942412, 0
3.6443595e-05, 0
0.8743019, 0
2.7952214e-05, 0
0.9949561, 0
0.825716, 0
0.33992362, 1
0.9999043, 1
1.0, 1
0.97429746, 1
0.9998856, 1
1.8739343e-08, 0
0.9936258, 1
0.9999999, 1
0.280632, 0
0.9650281, 0
0.9989545, 1
0.3280338, 1
0.99818224, 0
7.707956e-05, -1
0.99576813, 1
0.9970515, 0
0.00031167932, 0
0.99919134, 1
0.99994326, 0
3.542463e-05, -1
0.016661711, 0
0.004729289, 0
0.9997342, 0
7.6888835e-05, -1
0.012747978, 0
1.3474287e-06, -1
0.99999803, 1
0.99983513, 1
0.99999976, 1
0.9999883, 1
6.5172317e-06, 0
7.900745e-05, -1
0.9999998, 0
0.0008777192, 0
0.9999998, 1
0.98259586, 0
0.93805426, 0
0.9998856, 1
0.99999994, 1
0.9546397, 0
0.8069314, 0
0.09501469, 0
0.99993724, 1
0.98641396, 1
0.012829062, 1
0.37013584, 1
0.9999477, 0
0.7083889, 0
0.9999748, 1
0.9999562, 1
0.65006083, 0
0.9945042, 0
0.99963635, 1
0.8163642, 0
0.99980277, 1
0.0009813159, -1
0.901666, 0
5.704721e-09, -1
2.535153e-07, -1
0.9999998, 0
0.9993453, 1
0.9999891, 0
0.96311957, 0
0.998195, 0
0.9999114, 1
0.996983, 1
0.9977168, 0
0.999974, 1
9.4659e-06, -1
0.9998118, 1
0.99999994, 1
0.5157201, 0
3.119022e-05, 0
0.5774057, 0
0.99998695, 1
0.9956476, 0
0.0149987, 0
0.0015104115, -1
0.99765146, 0
0.9999931, 1
0.99998873, 1
0.8924633, 0
7.2441646e-05, -1
0.9978553, 0
0.39852986, 0
0.43617532, 0
0.71748704, 0
0.9998341, 1
0.9997936, 1
1.0, 0
0.9990575, 0
0.99999744, 1
0.9999824, 0
0.9999998, 0
0.9991847, 0
0.99999875, 1
0.9994126, 1
0.9942933, 1
0.98301744, 1
0.0027508135, -1
0.34029755, 1
0.99885595, 1
0.99999994, 1
0.56461054, 1
0.99717873, 0
0.96291155, 0
0.99093264, 0
0.9999704, 0
2.9412426e-05, -1
0.9992946, 1
0.99610376, 1
0.9998143, 1
2.7952214e-05, -1
0.009166127, 0
0.087269336, 0
0.93617666, 1
0.82419175, 0
0.999301, 1
1.900297e-05, -1
0.00050186797, -1
0.9999543, 1
0.9617643, 1
0.9985943, 1
0.9999988, 0
0.9999999, 1
0.99994487, 0
0.9993045, 0
0.9996022, 1
0.2722878, 0
0.8130809, 0
0.99937004, 0
0.99762785, 1
0.8491367, 0
0.00061028544, -1
0.9855014, 1
0.9999539, 0
0.00029474433, -1
0.9992619, 1
0.9759727, 0
0.93884736, 0
0.028677251, -1
0.8509613, 0
0.9859426, 0
1.0, 1
0.9991069, 1
0.9999499, 1
0.9996265, 0
0.83387303, 0
0.9988309, 0
0.99988616, 0
0.9993992, 1
1.7909708e-06, -1
0.0032838818, 0
0.9999996, 1
0.0006209823, 0
0.9999932, 1
0.9999848, 0
0.16723731, 0
0.9914801, 0
0.9986888, 1
0.9985268, 1
6.7136345e-05, -1
0.040953156, -1
0.99950206, 1
0.9997885, 1
0.99939483, 0
0.99996316, 1
0.99999994, 1
0.9999472, 0
0.99990636, 1
0.0029452774, -1
0.0038701757, 0
0.67614096, 0
0.986668, 0
0.000120070865, 0
3.3288623e-05, 0
0.9999631, 1
0.9395979, 0
1.0, 1
0.99976325, 1
0.7123724, 0
0.1470796, 0
0.007143577, -1
0.9278338, 0
0.40984875, 0
0.98269874, 0
0.06571647, 0
0.9939795, 1
0.94162714, 0
0.9972773, 1
0.999966, 1
0.9999026, 1
0.99998516, 0
0.9001115, 1
0.0020681303, -1
0.0015650803, 0
0.9999982, 0
0.00013908725, 0
0.9983748, 1
0.999988, 1
0.0007027431, 0
0.99999994, 0
0.000108765846, -1
0.97288084, 0
0.9833327, 0
0.92249805, 0
0.0010194262, 0
5.669363e-06, -1
0.0013466456, 0
0.99993306, 1
0.9999838, 1
0.01955598, 0
0.9935107, 1
1.0, 1
0.92816633, 0
0.014835774, 0
0.9999932, 1
0.8715236, -1
0.000103349485, -1
0.9982757, 1
0.00524457, 0
0.00745392, 0
3.2702126e-06, 0
7.021159e-06, -1
0.9999918, 1
5.4759494e-07, -1
0.99998623, 0
0.99999934, 0
0.99965304, 1
0.99991137, 1
0.97890127, 0
0.99916494, 1
0.983206, 0
0.713311, 0
5.210842e-07, -1
0.9999996, 1
0.000103349485, 0
0.9815066, 1
0.9474542, 0
0.0032838818, -1
0.99822086, 1
0.9997239, 0
0.9999959, 1
0.97847694, 0
0.998375, 1
1.0, 0
0.0017921892, -1
0.90631455, 1
0.026236217, 0
0.99999315, 1
0.0851094, 0
0.9995914, 0
6.853063e-06, -1
0.98442614, 0
0.9981801, 1
0.57805085, 0
0.9999877, 0
0.99999994, 1
0.9997374, 0
0.08850622, 0
0.9976687, 1
0.97622156, 0
0.9998903, 1
0.99995875, 0
0.9999864, 0
0.7586167, 0
0.089884415, 0
0.9999989, 0
0.00084961834, -1
0.9999892, 1
0.002922327, 0
2.8733793e-05, 0
0.00015288098, -1
0.86816204, 0
0.9985593, 0
0.32054278, 0
0.9899198, 0
0.6541495, 0
1.0, 1
0.023109417, 0
0.992185, 1
0.0179321, 0
0.8808133, 1
0.9997126, 1
0.8424448, 0
0.9999268, 0
0.35449007, 0
0.9999365, 1
0.9999999, 1
0.9833625, 1
0.9007782, 0
0.9996863, 1
0.008093838, 0
2.3680068e-05, -1
0.9936807, 1
0.060339436, -1
0.9999798, 0
0.9813146, 0
0.99996936, 0
1.0, 1
0.0010375436, 0
0.96373576, 1
0.599048, 0
7.871895e-06, -1
0.33564478, 0
0.5086041, 0
0.8414365, 0
0.000822972, -1
0.39349863, 0
0.19481052, 0
0.9706344, 0
0.0038675335, -1
0.1705762, 0
0.091062464, 0
0.9989572, 1
0.8427877, 0
1.0, 0
0.99999964, 0
0.98711663, 0
0.9991911, 1
0.93597, 0
0.8354188, 0
0.739653, 0
0.99910134, 0
6.985525e-05, -1
0.9990571, 0
0.9952199, 1
0.50701106, 1
0.9999991, 1
0.048271146, 0
0.99903226, 1
1.0, 1
0.99916154, 1
0.86755615, 0
0.99978083, 1
0.99902725, 1
0.6917401, 0
0.9999248, 0
3.4053207e-09, 0
0.9999957, 1
0.32640305, 0
0.00014869407, -1
0.95256007, 0
0.9814005, 1
0.99983203, 0
8.5485624e-08, 0
0.6100079, 0
0.9999603, 1
0.90511066, 0
0.99992186, 1
0.0682339, 1
0.08327882, 0
0.28424892, 0
0.8805675, 0
0.99995893, 0
0.9905037, 0
0.9999727, 1
0.6945798, 0
0.9953135, 0
1.0, 1
0.99973303, 1
0.99999976, 1
1.5347856e-06, 0
0.9912603, 0
0.00076634216, -1
0.99997914, 0
0.9998361, 0
0.97360146, 0
0.9251887, 1
0.99999386, 0
0.99958605, 0
0.9948897, 1
0.99948895, 0
1.8759403e-05, -1
0.99997646, 0
1.0, 1
0.010728333, 0
2.1931917e-05, -1
0.37794966, 1
0.0010815528, 0
1.6674335e-08, -1
0.9247844, 0
0.15172327, 0
0.9999993, 1
2.3897153e-05, -1
0.0077395216, -1
0.8482313, 0
0.9994102, 0
0.0015418343, -1
0.00082222925, 0
0.9575178, 0
0.6914664, 0
0.7089951, 0
0.1522686, 0
0.025650786, -1
0.97979665, 0
0.99619883, 1
0.99988145, 0
0.89758253, 0
1.0, 1
0.9961206, 0
0.9864418, 0
0.9998865, 1
0.9981074, 1
0.9491413, 0
0.00072191976, 0
0.9841807, 0
0.00019900943, 0
0.99973494, 1
0.00091201183, 0
0.4575043, 0
0.99863356, 0
0.99933165, 1
0.44659188, 0
0.0015792722, 0
0.99947476, 0
8.4885e-07, -1
0.00017585873, 0
1.8574248e-05, -1
0.0008204765, -1
0.9636771, 1
0.00014806434, -1
1.7321052e-05, 0
0.98848486, 0
8.4427074e-07, 0
0.9999975, 0
0.0011418022, 0
0.0027221642, -1
0.9997711, 1
0.9999981, 1
0.03676868, 0
1.0, 1
0.9271636, 0
0.49493554, 0
0.9999998, 1
0.42402232, 1
0.9999996, 0
0.99996907, 1
0.9999619, 1
0.9999939, 1
0.99797785, 1
0.9989794, 1
1.0, 1
0.000825289, 0
0.97170246, 0
1.0, 1
0.99650574, 0
0.28951165, 0
0.99962974, 0
0.9999997, 0
0.99605757, 0
0.6676324, 0
0.9972945, 0
0.4306111, 1
1.4187558e-09, 0
0.0015117553, 0
0.99999994, 1
0.9996592, 1
0.9999836, 0
5.6236995e-06, -1
1.6866428e-05, -1
0.8056225, 0
0.91228557, 0
9.275053e-06, 0
0.00043016017, -1
0.0038302413, 0
0.98646617, 0
0.01621868, -1
0.99994177, 1
0.99933374, 1
5.127653e-05, 0
0.99963003, 1
0.9999917, 1
0.9934982, 1
0.0362788, -1
0.9995741, 1
0.92782754, 0
1.0, 1
0.024667604, -1
9.2951805e-06, -1
2.4515244e-05, -1
0.6566349, 0
1.0, 1
0.99999785, 1
1.0, 0
0.00020542151, 0
0.99282616, 1
2.706272e-05, 0
0.9953699, 1
0.99646515, 0
0.99846685, 0
0.9999521, 1
0.008148638, -1
0.30987465, 0
0.000102615624, 0
0.894859, 0
0.9999998, 1
0.97855, 0
0.9286946, 0
1.8542019e-06, -1
0.40097567, 0
0.6984911, 0
0.9984325, 1
0.9995575, 0
0.9999614, 1
0.9994193, 0
7.91927e-05, 0
0.0002122811, -1
0.6728851, 0
0.9998395, 1
0.50128055, 0
1.0, 0
0.9778176, 1
0.08398561, 0
0.00015988099, -1
0.002308813, 0
1.09988896e-07, 0
0.9945468, 0
0.99999976, 1
7.91927e-05, -1
0.80514055, 0
4.1368266e-06, 0
0.00011779435, -1
0.00038279576, -1
0.9882035, 0
0.9999999, 1
0.9991776, 1
0.9863675, 1
0.9999817, 1
4.5287477e-05, 0
6.442954e-07, 0
0.9998369, 1
0.00016716875, -1
0.9988537, 0
0.015070753, 0
0.99921834, 1
0.99900717, 1
0.015911879, -1
0.99958867, 0
0.488734, 0
0.9833852, 0
0.6250799, 0
0.0013791478, 0
0.7808754, 0
0.9941023, 0
0.9999975, 1
5.9744293e-06, -1
0.99990046, 1
5.2663723e-05, -1
0.9999998, 0
0.9999596, 1
0.9999987, 1
0.9999985, 1
0.99996054, 1
0.991021, 0
0.00034082308, 0
0.9955886, 0
0.00013232799, 0
0.99731225, 0
0.011695274, 0
0.511451, 0
0.9805058, 0
0.99917644, 1
0.82284707, 0
0.9984043, 1
0.9281417, 0
0.99999875, 0
0.8976088, 0
0.99792784, 0
0.99922776, 0
0.9986014, 1
0.99755764, 1
0.00069214683, -1
0.0065469393, 0
0.024624646, 0
0.22609767, 0
0.10559846, 0
0.9993262, 1
0.24940874, 0
1.7713944e-09, 0
0.92307657, 0
0.00021643775, -1
0.00062464294, 0
0.0001627181, -1
0.9995803, 0
0.95373213, 0
0.9999942, 0
0.9999997, 1
0.97890127, 0
0.9999998, 0
0.9777393, 0
0.0010466161, 0
0.65320003, 0
0.9983721, 0
0.00057763135, -1
0.99973834, 1
0.99726254, 1
0.103573725, 0
0.9999884, 0
0.9473473, 0
0.15673888, 0
0.5077504, 0
0.9999135, 1
0.99997926, 1
0.557148, 0
0.031876538, 0
0.0074372874, -1
0.9999984, 0
0.9990589, 1
0.99606955, 0
0.004093264, 0
0.99994105, 0
0.9970949, 0
0.9986696, 1
0.9693491, 0
0.99939686, 1
0.99999934, 0
0.9903698, 1
1.0, 1
0.9999983, 1
0.98432213, 0
0.9972544, 0
0.029169044, 0
0.99997437, 1
0.99973303, 1
0.9999099, 0
0.0060371044, 0
0.9998564, 1
0.99744105, 1
0.994465, 1
0.78267384, 0
1.4318307e-05, 0
0.0007870668, 0
0.001137947, 0
0.088519104, 0
0.9964708, 0
0.9981958, 1
0.9996872, 1
5.5110405e-07, 0
4.2907777e-05, -1
0.00011779435, 0
0.962266, 0
0.0022324328, 0
0.99992377, 1
0.25071466, 0
0.002019188, 0
4.9681552e-05, -1
0.8093825, 0
0.035648808, 0
0.7951364, 0
0.34682828, 0
6.5921284e-07, -1
3.5459977e-06, -1
0.19661658, 0
0.99298215, 1
0.00027317862, -1
0.07605765, 0
0.8666098, -1
0.79168814, 0
0.9994361, 1
0.9999946, 1
0.88588804, 0
0.00040443815, -1
0.94296205, 0
0.99999994, 1
0.99961615, 1
2.5793456e-09, -1
0.28222963, 0
0.9921281, 1
1.5347856e-06, -1
0.9995606, 1
0.99998665, 1
0.98553115, 1
0.9996778, 0
0.9999577, 1
0.7043314, 0
0.8626294, 0
0.00029301588, -1
0.002564836, 0
0.0004006107, -1
0.9999996, 1
0.260297, 0
0.98941284, 0
7.196524e-08, -1
0.9999998, 1
0.9999715, 1
0.3471218, 0
0.99725306, 1
0.06734036, 0
1.6674335e-08, 0
0.00073671417, 0
0.93782145, 0
0.9993737, 0
0.029714087, 0
0.0039060998, -1
0.0003980243, -1
0.00016332418, -1
0.9999811, 1
0.9998277, 1
0.82447517, 0
0.9998353, 0
0.024109097, 0
0.99960786, 1
0.99583143, 0
0.99956256, 1
0.9999996, 0
0.9999995, 1
0.00022498282, 0
0.9999888, 1
0.7553346, 0
0.00026724578, 0
0.99987876, 0
0.99936235, 1
4.363951e-05, 0
0.00023989858, -1
6.185134e-06, -1
1.0, 1
0.99999577, 1
0.20464018, 0
0.15955463, 0
0.17049341, 0
0.96291745, 0
0.6102752, 0
0.87009746, 0
0.99843395, 0
0.768887, 0
0.0003532552, 0
8.974516e-08, -1
0.0023970967, 0
0.8216215, 0
0.9993378, 1
0.9998865, 0
2.566638e-05, 0
0.9723845, 1
0.00033106678, -1
0.999991, 0
3.7795675e-05, 0
0.9996798, 1
0.82216847, 0
0.98658246, 0
1.0, 0
0.65561664, 0
0.9999973, 0
0.0055434494, 0
0.99999964, 1
0.9996608, 0
0.9999273, 0
0.99640214, 1
0.9960163, 0
0.0045815734, -1
2.706001e-05, -1
0.00020654632, -1
0.25495037, 0
0.9849005, 0
0.002192147, 0
0.0012118727, 0
0.66169506, 0
0.9995276, 1
0.4746686, 0
8.7870454e-08, -1
0.9955261, 0
0.002067179, 0
0.999775, 1
9.114811e-05, -1
0.99904644, 1
0.098238334, 0
0.9996201, 1
0.95706105, 0
0.4860362, 0
0.99989563, 1
0.99999493, 1
0.9388865, 0
0.00019876499, 0
0.003990078, 0
3.7566202e-05, 0
0.0001300983, 0
0.9999618, 1
0.99960476, 1
0.9982141, 0
0.99971175, 1
0.99999976, 1
0.0013766696, -1
0.9999482, 1
0.99999857, 1
0.9986395, 1
0.999965, 0
0.0015697919, -1
0.99825877, 1
5.9744293e-06, 0
0.994824, 0
4.989245e-05, -1
0.98587424, 1
0.0007870668, -1
0.15343763, 1
0.8976088, 0
0.34655795, 0
0.06777937, 1
0.0018794681, -1
0.8992039, 0
0.5331072, 0
0.9968513, 0
0.99946296, 1
0.9995745, 0
0.0015418343, 0
0.9979614, 1
0.99999493, 1
0.2811002, 1
1.0, 1
0.9999993, 1
9.2748596e-05, 0
0.9977284, 0
0.015817685, -1
3.542463e-05, 0
0.9999935, 1
0.9999433, 1
0.999907, 1
0.9474581, 0
0.03804637, 0
0.99873775, 1
0.0001804919, 0
0.0011829903, -1
0.9998919, 0
0.9798009, 0
0.93967646, 0
0.0005688166, -1
0.99996394, 1
0.9967929, 1
0.9996898, 0
0.9999553, 1
0.5696037, 0
0.99999976, 1
0.12158985, 1
1.0033998e-06, -1
0.99999595, 1
0.00023749666, 0
0.9979306, 1
0.07911746, 0
0.9786488, 0
0.99931073, 1
0.5208949, 0
0.9999813, 0
0.99993485, 1
0.92450845, 0
0.99186057, 1
0.99889284, 1
0.9999982, 1
0.9998456, 1
0.6359193, 0
0.9095646, 0
0.5256005, 0
0.9897182, 0
0.45707652, 0
0.38386184, 0
9.664601e-05, -1
0.9932608, 0
0.008566337, -1
0.9999769, 1
0.9969739, 1
0.9998469, 1
0.0016607075, -1
0.99999815, 1
0.99999464, 0
0.82520515, 0
0.9994485, 1
0.99991935, 1
0.9999363, 1
0.9758526, 0
0.18866694, 0
0.00052868726, -1
0.99590516, 1
0.99999726, 1
0.9703257, 0
0.7603792, 1
0.824117, 0
0.00037144407, 0
4.4535587e-05, -1
0.98252887, 0
0.99995613, 1
0.9394445, 0
0.99998236, 1
0.992686, 1
0.0010433104, -1
0.9262842, 0
0.9995252, 0
0.82484484, 1
0.9999996, 1
0.99985594, 1
2.0519044e-09, 0
0.99888945, 0
0.99984616, 1
0.9999893, 1
1.0, 1
0.9999289, 1
0.00015718218, 0
1.5336517e-06, 0
0.00022001316, 0
0.9955363, 0
0.99866784, 1
0.0035221963, 0
0.84574556, 0
4.824911e-05, 0
0.0018520084, -1
0.96818125, 0
0.22711736, 0
0.51174456, 0
0.087297186, 0
0.98139614, 0
0.9389079, 0
3.5402668e-06, -1
0.9997424, 0
0.9378205, 0
0.9989643, 0
0.9991813, 1
0.793383, 0
1.0, 1
0.17257993, 0
0.9999438, 0
0.9999686, 1
0.99953747, 0
0.99999833, 1
0.9999584, 0
0.94817895, 1
2.8875085e-08, -1
0.9999648, 0
0.94485384, 0
0.011641215, 0
0.00019959814, 0
0.9999985, 1
0.999406, 1
0.63985616, 0
0.99999523, 0
0.99998343, 1
0.8915462, 0
0.99944836, 0
0.99954563, 0
0.0005564995, -1
2.3834176e-05, 0
0.004136275, -1
0.34197628, 0
0.99995357, 0
0.908527, 0
0.9746294, 0
0.9999999, 0
0.22598556, 0
0.9859753, 1
0.033402868, 0
0.8922596, 0
0.9961951, 1
0.00030877668, -1
0.94417006, 0
0.9997054, 1
0.9721284, 0
0.9975944, 0
0.9999926, 1
0.9999577, 0
4.403406e-05, 0
0.99913037, 1
0.9965403, 1
0.9999977, 0
0.9396149, 0
0.011764825, -1
0.92364043, 0
0.57503194, 0
0.99999416, 0
0.9977014, 1
0.9992504, 1
0.9998902, 0
0.34360817, 0
1.8008817e-05, 0
0.36265403, 0
0.9966941, 1
7.9913285e-09, 0
0.20289895, 0
0.99999833, 1
0.004918955, -1
0.9985283, 1
0.742562, 0
0.74624217, 0
1.0, 1
0.016688434, 0
0.012013954, -1
0.9999951, 0
0.9999831, 0
0.0014579667, 0
0.00076634216, 0
0.99998164, 0
4.84928e-05, 0
0.9950351, 0
0.0002502779, -1
0.99975425, 0
0.99983937, 1
0.999992, 1
0.0025364307, -1
0.9972424, 1
0.99931985, 0
0.9856746, 0
0.99949914, 1
0.8275401, 0
5.8356727e-05, -1
0.99999976, 0
0.9999993, 1
0.9777109, 0
0.99952775, 0
0.818941, 0
0.99891764, 0
0.98537475, 0
0.01696327, 0
0.9999176, 1
0.9996002, 1
0.94362694, 1
0.0035780424, -1
0.99386793, 0
0.9895565, 1
8.787435e-05, 0
0.41550666, 0
0.9434101, 0
0.99995303, 0
0.9791025, 1
0.00060864416, -1
0.9999739, 0
0.00040443815, 0
0.99245423, 0
0.9995518, 1
1.000019e-06, 0
3.011596e-05, -1
0.9975867, 0
0.9980762, 0
0.9822657, 0
0.9776617, 0
0.00036057096, -1
0.0014160455, -1
0.5237077, 0
0.4003951, 0
0.99998283, 1
0.8512843, 0
0.69642115, 0
0.9998167, 1
0.99963194, 1
0.9998324, 1
0.99583036, 1
0.0010006955, -1
4.0199095e-05, 0
0.99935865, 1
0.0007967881, -1
0.00019876499, -1
5.329733e-05, -1
0.05717743, 0
0.9999367, 1
0.6529738, 0
0.99999344, 1
0.00010500296, -1
0.9988787, 0
0.99898463, 1
0.9749043, 0
0.99840987, 0
0.00029301588, 0
0.99995804, 1
0.8027819, 0
0.607515, 0
0.9979276, 0
0.00065334997, -1
0.0027548347, 0
0.99806225, 1
0.00045433932, -1
3.3020353e-07, -1
0.99983644, 0
0.00022498282, -1
0.9664339, 0
0.9999915, 1
2.535153e-07, 0
0.21677777, 0
0.9999963, 0
0.9999248, 1
0.9972624, 0
0.991007, 0
0.9996779, 1
0.0011380591, -1
0.0005028306, 0
0.9999977, 0
0.98914087, 1
0.99998295, 1
0.9940971, 0
0.8575814, 0
0.9999984, 1
0.9999965, 1
0.99790525, 0
0.9993446, 1
0.8503367, 1
0.99994683, 1
0.99997187, 0
1.1439703e-06, -1
0.993063, 1
0.26352832, 0
0.99763286, 1
0.99999905, 1
0.99923444, 0
0.9690151, 0
0.9999727, 1
0.0101010045, -1
0.9033492, 0
0.016705088, 0
0.9996586, 1
0.99815434, 1
0.9998608, 1
0.9992551, 0
8.306459e-07, -1
0.99989396, 1
0.9997643, 1
0.032293033, 0
0.99688095, 0
0.99886906, 0
0.4522267, 0
0.97029245, 1
0.9696891, 0
0.5875548, 0
0.9250018, -1
0.9999838, 1
1.0, 1
0.9999324, 1
0.96625596, 0
4.6308287e-06, -1
0.97588456, 0
0.106280185, 1
0.9954835, 0
0.99749285, 0
0.000871227, 0
0.95853466, 0
0.9560124, 1
0.0028443942, 0
0.0006333665, -1
0.99999356, 1
0.9999999, 1
0.00011622117, -1
0.6620635, 0
0.9997259, 1
0.92067313, 0
0.9933651, 0
0.9118232, 0
0.99995536, 0
0.99763227, 1
0.9890234, 0
0.9994678, 1
0.9999856, 1
0.9999735, 1
0.0004338196, -1
0.99992555, 1
3.7112986e-05, -1
6.124919e-05, -1
0.00018500001, 0
0.00041962566, -1
0.99993587, 0
0.236934, 0
0.3031906, 0
0.9989257, 1
0.0011643143, 0
0.99975425, 0
0.00013044004, 0
0.9845393, 0
0.92780954, 0
0.9999961, 1
0.014726836, 0
0.9995422, 1
0.99471056, 0
0.9967289, 0
0.9997667, 1
0.9977628, 1
3.8660888e-05, 0
0.028280417, -1
0.99950814, 0
0.013796682, 0
0.956113, 1
1.8743382e-08, -1
0.015070753, -1
0.6155404, 0
0.998175, 1
0.9999877, 1
0.9728801, 0
0.9988897, 1
0.64387333, 0
0.9578853, 1
0.8380707, 0
1.0, 1
0.9586906, 0
8.4266e-06, 0
0.9767663, 0
0.9996815, 0
0.62115943, 0
1.0, 1
0.26829073, 0
0.94505316, 0
2.046096e-06, -1
0.9998174, 1
0.93516695, 0
0.9993776, 0
0.99657834, 0
3.9577094e-06, -1
7.3487854e-07, 0
0.91849476, 0
0.9640878, 0
0.6447915, 0
0.97477573, 0
0.9912645, 1
0.98670924, 0
0.6747385, 0
1.0, 1
0.82895863, 0
0.41448283, 0
0.9993531, 0
1.5047169e-06, 0
0.99999976, 1
1.1815722e-06, -1
0.9999766, 0
0.05496162, 0
0.07486782, 0
0.9996678, 0
0.9831576, 0
0.9927874, 1
0.06073028, 0
0.90822345, 1
0.9996526, 1
0.9311516, 0
0.0015650803, -1
0.9995277, 0
0.99999833, 1
0.07796516, 0
0.99664885, 1
8.391286e-05, -1
0.99998707, 1
0.9999999, 1
0.99999964, 1
6.235131e-06, -1
0.9974328, 0
0.23083667, 0
0.9995837, 0
0.9068243, 0
3.0205845e-05, -1
0.8766471, 0
0.99637467, 1
0.9762105, 1
0.99874556, 0
0.999377, 0
0.9978431, 1
0.9778094, 0
0.9999628, 1
0.76979226, 0
0.999999, 0
0.9999435, 1
0.9991995, 0
0.9860598, 0
0.99843186, 0
3.1548592e-07, 0
0.15079361, 0
0.00013904946, -1
0.49447554, 0
0.99999905, 0
0.9201171, 0
4.4693786e-07, -1
0.98462725, 0
0.9998385, 0
0.0012014959, -1
0.99623924, 0
0.93207157, 0
0.056576937, -1
0.0018363686, -1
0.9950999, 1
0.99980605, 0
0.99997395, 0
0.7513967, 0
7.448462e-07, -1
0.9996686, 0
0.99966323, 0
0.9999908, 0
0.00037063635, -1
0.99932647, 1
0.008327304, 0
0.38214743, 0
0.9997688, 1
0.9994994, 1
0.17762184, 0
0.98057425, 0
4.107563e-06, 0
0.0008295157, -1
0.9720509, 1
0.99843645, 0
1.0, 0
0.99999917, 1
0.00063428446, 0
0.9221884, 0
0.9999856, 0
0.9089934, 0
0.9999943, 1
0.02042488, 0
0.81317186, 0
0.0002331801, -1
4.455528e-06, -1
0.010336992, 0
0.99978757, 1
0.23995611, 0
0.0007580569, -1
0.8181356, 1
4.2287156e-05, 0
0.99999994, 0
0.91875833, 0
0.26141912, 0
2.1939299e-05, -1
1.0, 1
0.9999007, 1
0.9998136, 0
0.99949473, 0
1.0, 1
0.024175204, 0
0.9783373, 0
1.0, 1
0.8014089, 0
0.99986386, 1
0.81894547, 0
0.28384233, 0
0.21341054, 0
1.0, 0
0.0035127164, 0
9.753652e-06, -1
0.23785374, 0
0.9672662, 1
0.9995779, 0
0.99999976, 1
0.0009087486, -1
0.9999954, 1
0.99999905, 1
3.101049e-05, -1
0.92777574, 0
0.17903198, 0
0.12253482, 0
0.9998474, 1
0.9408454, 0
0.9967469, 1
0.00018688498, -1
1.0273566e-07, -1
0.14407212, 0
7.3913594e-05, 0
0.9975376, 0
0.9999973, 0
5.887383e-06, -1
0.052479938, 0
1.9214092e-06, -1
0.99748266, 0
1.7799537e-05, -1
0.9828506, 0
0.009870638, 0
0.9999849, 1
0.8862636, 0
0.9999681, 0
0.99939656, 1
0.9993724, 1
0.8554725, 0
0.0024841842, 0
0.397175, 0
1.4240831e-07, 0
0.20983131, -1
0.80235666, 1
0.9991484, 1
0.1128631, 1
0.9965713, 1
0.9999338, 1
0.54917014, 0
6.67486e-05, 0
0.9566097, 0
0.9994671, 1
0.89890325, 0
0.9769663, 1
0.9997994, 0
0.99942136, 1
0.9688305, 0
1.0, 1
0.99940765, 1
0.99625385, 1
0.99921966, 0
0.35711044, 0
0.03722995, 0
0.99999696, 1
0.9998351, 1
0.9936937, 0
0.00018500001, -1
0.9273541, 0
0.99999994, 0
0.6015608, 0
0.92633367, 0
0.9988192, 0
0.00037081036, 0
0.0026452192, -1
0.99997973, 0
0.5124406, 1
1.0, 1
0.998677, 1
1.0, 1
0.93759114, 0
6.159266e-05, -1
0.9867715, 1
0.00033802775, 0
0.9998959, 0
0.99959713, 0
0.98296946, 0
0.37566844, 0
2.1179514e-05, 0
1.0, 1
0.9999605, 0
0.36496845, 1
1.0, 0
1.0, 1
0.00050186797, 0
0.9809412, 1
0.99990755, 0
7.065511e-05, -1
0.99948347, 1
0.99931896, 0
0.00016745464, -1
0.9388123, 0
0.2774623, 0
0.9984165, 0
0.0028141807, -1
0.9962176, 0
0.9998337, 1
0.99484086, 0
0.9970893, 1
0.00036486075, -1
0.6200708, 1
0.99780333, 0
0.0036523377, -1
0.011337807, -1
2.612484e-06, -1
0.58114606, 0
0.947969, 0
0.00069786585, 0
0.9998903, 1
0.9995661, 1
8.533324e-05, -1
0.2636762, 0
0.0013466456, -1
0.6704317, 0
0.9945628, 1
0.99798924, 0
0.99997675, 0
0.98566604, 0
0.013094211, 0
0.99999994, 1
0.6123465, 0
0.9985771, 1
0.96222675, 0
0.9993305, 0
0.004474608, -1
0.9998986, 1
0.99997526, 1
0.9945433, 1
0.11964149, 0
0.998171, 0
0.9817802, 0
0.9954129, 0
0.62842274, 0
0.99997526, 1
0.0024714286, -1
0.75971216, 1
0.9998352, 1
0.0028446433, -1
0.98881865, 0
0.9926602, 0
4.692244e-05, 1
0.9586116, 1
2.5657153e-05, -1
0.0034052394, -1
0.9999996, 1
3.913944e-06, -1
0.1204454, 0
0.9999945, 0
0.1052582, 0
1.0, 1
2.873603e-06, 0
0.6568491, 0
0.9999425, 1
0.0008728693, 0
0.99896014, 1
0.99700624, 0
0.004093264, -1
0.9997452, 0
0.14439172, 0
0.0001610369, -1
0.9999889, 1
0.98591673, -1
0.0013194178, 0
0.0011929709, 0
9.356568e-05, 0
0.9998283, 1
5.4737586e-05, 0
0.9998952, 0
0.39734387, 0
0.91888493, 1
0.5792529, 0
0.9999985, 1
0.063315205, 0
9.890067e-07, -1
0.99798715, 1
1.0033998e-06, 0
0.0004006107, 0
0.9909248, 1
0.9997866, 0
0.9999289, 0
0.8520011, 0
0.99798644, 0
0.9985575, 1
0.999994, 1
6.67486e-05, -1
0.6565131, 0
0.0025362994, -1
0.999982, 1
0.3554726, 0
0.059117194, -1
0.58755785, 0
0.9999803, 1
0.99995905, 1
0.12407222, 0
0.00017478033, 0
0.99069846, 0
0.99999994, 1
4.107563e-06, -1
0.9999909, 1
0.97643447, 1
0.9997955, 1
1.0, 0
0.0006559173, -1
0.0008777192, -1
9.10914e-07, 0
0.17778535, 0
0.0015844106, -1
1.0, 1
2.5957527e-07, -1
0.9997754, 1
0.99877656, 1
0.07088135, 0
0.9989878, 0
0.8489736, 0
0.99999774, 1
0.0010194262, -1
0.00032069703, -1
3.4383163e-05, 0
0.989142, 1
0.0027149674, -1
3.2111496e-09, 0
0.002606581, -1
0.008368272, 0
0.9975608, 0
0.9865132, 1
0.3778249, 0
6.0283688e-05, -1
0.9998043, 1
0.99649704, 0
0.9999984, 1
0.99871695, 1
0.99910635, 1
0.9981364, 1
0.9891135, 1
0.99954474, 1
0.00017342786, -1
0.9999976, 1
0.0046580434, -1
2.706272e-05, -1
0.53360945, 0
0.0013194178, -1
0.9103727, 0
0.7587252, 0
0.9996687, 1
0.9988158, 1
0.004668108, 0
0.9946908, 1
0.9966183, 0
0.9290856, 0
0.9999961, 1
0.00010089886, 0
0.99970657, 0
0.999771, 0
0.00034349939, -1
7.021159e-06, 0
0.98491424, 0
2.1822265e-08, -1
0.9999909, 1
0.9999517, 1
1.509709e-06, -1
0.7897811, 1
2.5657153e-05, 0
0.9999102, 1
0.0008343302, -1
0.99945784, 0
0.014847292, 0
0.0017148161, -1
0.9998316, 1
0.00065296213, -1
0.9799911, 0
0.98681444, 0
0.99999624, 0
0.99946374, 1
0.99968004, 1
0.0009228521, 0
3.097328e-05, -1
0.99919856, 0
0.9999924, 1
0.39057317, 0
0.7265128, 1
0.9999904, 0
0.9999801, 1
0.9999048, 0
0.00064956635, -1
0.99943125, 0
0.20042585, 0
0.99944144, 1
0.99913704, 1
0.9999933, 1
0.9999779, 0
0.8442654, 0
0.23619881, 0
0.9985553, 1
0.9998874, 0
0.9998798, 0
0.37252653, 0
2.3897153e-05, 0
0.99999887, 1
0.99999976, 1
0.9999153, 1
0.99642867, 1
0.99654925, 1
0.3963521, 0
0.99897724, 0
0.99999946, 1
0.9279892, -1
0.07696999, 1
0.9998655, 1
0.59592557, 0
5.1192965e-06, -1
0.85430133, 0
0.97221047, 0
0.00094913127, 0
0.74744576, 0
0.99922997, 1
0.81972986, 0
0.08950861, 0
0.0006952182, -1
0.015727924, -1
0.999932, 1
0.999983, 1
0.95949525, 0
0.8490231, 0
0.9999904, 0
0.0015326112, -1
0.99630076, 0
0.9999962, 0
2.2845994e-08, -1
0.05717451, 0
0.9999998, 0
0.010713101, 0
0.008123813, -1
3.1102454e-07, 0
0.0017358672, 0
0.99738187, 0
0.9582702, 0
0.9998414, 1
0.9998559, 1
0.53371817, 1
0.97407347, 0
0.99670595, 1
0.0026452192, 0
0.00024234189, -1
0.00017591004, -1
0.9977429, 1
0.99998915, 1
0.99894595, 1
6.0283688e-05, 0
1.0, 1
0.99993795, 0
0.99529445, 1
0.0047627953, 1
0.9989199, 0
3.5459977e-06, 0
0.00073671417, -1
0.99955416, 1
0.4560079, 0
0.952256, 0
1.2018253e-05, -1
0.46678224, 0
0.999904, 0
0.2545436, 0
0.99925315, 0
0.99999547, 1
0.99998945, 1
0.99998814, 0
0.9986435, 0
0.9999995, 0
0.8196522, 0
0.99999946, 1
2.157848e-08, -1
0.9999055, 1
9.355095e-05, -1
0.9980118, 1
0.99996823, 0
0.0024257821, -1
0.99999917, 1
2.947257e-05, 0
0.9999972, 1
0.49715734, 0
0.015817685, 0
0.99989593, 1
0.99982196, 1
0.85367817, 0
0.99998534, 0
0.98266137, 1
0.016696654, 0
0.49617732, 0
0.034979437, 0
0.7042068, 0
0.00015967971, -1
0.9914931, 0
0.95654607, 0
0.0026825124, -1
3.1558811e-06, -1
0.999994, 1
9.319866e-06, -1
0.9998978, 1
0.9705266, 1
6.5921284e-07, 0
0.99995595, 1
0.00047920312, -1
0.9982857, 1
0.0001592766, -1
1.2984498e-08, 0
0.86049205, 0
0.9998994, 1
0.9999995, 1
0.9957696, 1
0.0024911147, -1
0.99999213, 1
0.9999999, 1
0.86015064, 0
7.3913594e-05, -1
0.9995542, 0
0.9287459, 0
1.0, 1
0.9992856, 1
0.99990964, 0
0.06420876, -1
0.995466, 0
1.525221e-06, -1
0.9919978, 0
0.0416151, -1
0.00046185896, -1
0.014392897, 0
0.65989304, 0
0.9875573, -1
0.9996647, 1
3.301307e-05, -1
0.9982518, 0
0.9801461, 0
0.00012074655, 0
1.0, 1
